   23
TiO2(110) cluster with experimental geometry
Ti     1.4774433  0.0000000  3.3754704
Ti    -1.4774433  0.0000000  3.3754704
O      0.0000000  0.0000000  4.4324578
O     -1.4774441 -2.0603400  3.3921882
O      0.0000000  0.0000000  1.9371407
O     -2.9548764  0.0000000  4.4324773
O     -2.9548764  0.0000000  1.9371905
O     -1.4774441  2.0603400  3.3921882
O      2.9548764  0.0000000  4.4324773
O      2.9548764  0.0000000  1.9371905
O      1.4774441  2.0603400  3.3921882
O      1.4774441 -2.0603400  3.3921882
H     -0.7067888 -2.6816826  3.2506826
H     -2.3097493 -2.7313933  3.2393632
H      0.0000000  0.0000000  0.8571407
H     -2.9548764  0.0000000  0.8571905
H     -0.6451364  2.7313900  3.2393622
H     -2.3097493  2.7313933  3.2393632
H      2.9548764  0.0000000  0.8571905
H      2.3097493  2.7313933  3.2393632
H      2.3097493 -2.7313933  3.2393632
H      0.6451364 -2.7313900  3.2393622
H      0.6451364  2.7313900  3.2393622
