# Real Numerical Function
# Mon Apr 28 13:37:35 2014
 -0.6430837E+01  0.4394531E-07
 -0.6424557E+01  0.6531847E-07
 -0.6418277E+01  0.9754868E-07
 -0.6411997E+01  0.6944380E-07
 -0.6405717E+01  0.6561544E-07
 -0.6399437E+01  0.6207186E-07
 -0.6393157E+01  0.7116495E-07
 -0.6386877E+01  0.4513981E-07
 -0.6380596E+01  0.5189622E-07
 -0.6374316E+01  0.4042910E-07
 -0.6368036E+01  0.2609352E-07
 -0.6361756E+01  0.1033359E-06
 -0.6355476E+01  0.7270189E-07
 -0.6349196E+01  0.4874672E-07
 -0.6342916E+01  0.4472376E-07
 -0.6336636E+01  0.3020209E-07
 -0.6330355E+01  0.5725263E-08
 -0.6324075E+01  0.3848505E-07
 -0.6317795E+01  0.4764404E-07
 -0.6311515E+01  0.9456473E-08
 -0.6305235E+01  0.7458659E-07
 -0.6298955E+01  0.3501304E-07
 -0.6292675E+01  0.1304418E-07
 -0.6286395E+01  0.5102713E-07
 -0.6280115E+01  0.1489387E-07
 -0.6273834E+01  0.5929431E-07
 -0.6267554E+01  0.8340049E-07
 -0.6261274E+01  0.9381390E-07
 -0.6254994E+01  0.9542749E-07
 -0.6248714E+01  0.1187037E-06
 -0.6242434E+01  0.4748062E-07
 -0.6236154E+01  0.1174961E-06
 -0.6229874E+01  0.4421900E-07
 -0.6223594E+01  0.5465118E-07
 -0.6217313E+01  0.8307288E-07
 -0.6211033E+01  0.5798517E-07
 -0.6204753E+01  0.3018541E-07
 -0.6198473E+01  0.2088377E-07
 -0.6192193E+01  0.3863438E-07
 -0.6185913E+01  0.1155409E-06
 -0.6179633E+01  0.2567499E-07
 -0.6173353E+01  0.3541185E-07
 -0.6167073E+01  0.3389745E-07
 -0.6160792E+01  0.9015644E-07
 -0.6154512E+01  0.5290423E-07
 -0.6148232E+01  0.3027211E-07
 -0.6141952E+01  0.7147210E-07
 -0.6135672E+01  0.7386021E-07
 -0.6129392E+01  0.3945119E-07
 -0.6123112E+01  0.6649333E-07
 -0.6116832E+01  0.8157517E-07
 -0.6110551E+01  0.4638935E-07
 -0.6104271E+01  0.6894268E-07
 -0.6097991E+01  0.6362219E-07
 -0.6091711E+01  0.7473984E-07
 -0.6085431E+01  0.1062216E-06
 -0.6079151E+01  0.5000044E-07
 -0.6072871E+01  0.2059655E-07
 -0.6066591E+01  0.2505059E-07
 -0.6060311E+01  0.6099314E-07
 -0.6054030E+01  0.9336671E-07
 -0.6047750E+01  0.1157310E-06
 -0.6041470E+01  0.8132634E-07
 -0.6035190E+01  0.5524236E-07
 -0.6028910E+01  0.7889726E-07
 -0.6022630E+01  0.5202624E-07
 -0.6016350E+01  0.1419764E-07
 -0.6010070E+01  0.2164665E-07
 -0.6003790E+01  0.2142950E-07
 -0.5997509E+01  0.6991848E-07
 -0.5991229E+01  0.4694807E-07
 -0.5984949E+01  0.5710629E-07
 -0.5978669E+01  0.4142624E-07
 -0.5972389E+01  0.8396675E-07
 -0.5966109E+01  0.6243413E-07
 -0.5959829E+01  0.4789484E-07
 -0.5953549E+01  0.3444630E-07
 -0.5947269E+01  0.7065859E-07
 -0.5940988E+01  0.5660518E-07
 -0.5934708E+01  0.3379203E-07
 -0.5928428E+01  0.3125127E-07
 -0.5922148E+01  0.4718271E-07
 -0.5915868E+01  0.9316297E-07
 -0.5909588E+01  0.1777394E-07
 -0.5903308E+01  0.8170526E-07
 -0.5897028E+01  0.5844744E-07
 -0.5890747E+01  0.3954492E-07
 -0.5884467E+01  0.8878398E-07
 -0.5878187E+01  0.9756455E-07
 -0.5871907E+01  0.9401236E-08
 -0.5865627E+01  0.4542907E-07
 -0.5859347E+01  0.1952883E-07
 -0.5853067E+01  0.4826885E-07
 -0.5846787E+01  0.2655112E-07
 -0.5840507E+01  0.5565593E-07
 -0.5834226E+01  0.1191745E-07
 -0.5827946E+01  0.6366542E-07
 -0.5821666E+01  0.6304964E-07
 -0.5815386E+01  0.3788841E-07
 -0.5809106E+01  0.9590225E-08
 -0.5802826E+01  0.4064648E-07
 -0.5796546E+01  0.4288245E-07
 -0.5790266E+01  0.4593221E-07
 -0.5783986E+01  0.6243103E-07
 -0.5777705E+01  0.4044989E-07
 -0.5771425E+01  0.5295168E-07
 -0.5765145E+01  0.4853312E-07
 -0.5758865E+01  0.5442697E-07
 -0.5752585E+01  0.6740334E-07
 -0.5746305E+01  0.4932901E-07
 -0.5740025E+01  0.6139268E-07
 -0.5733745E+01  0.8912951E-07
 -0.5727464E+01  0.5951227E-07
 -0.5721184E+01  0.3802444E-07
 -0.5714904E+01  0.5641820E-07
 -0.5708624E+01  0.3443634E-07
 -0.5702344E+01  0.3233958E-07
 -0.5696064E+01  0.5537266E-07
 -0.5689784E+01  0.8399346E-07
 -0.5683504E+01  0.3868582E-07
 -0.5677224E+01  0.5027260E-07
 -0.5670943E+01  0.4555553E-07
 -0.5664663E+01  0.4321097E-07
 -0.5658383E+01  0.7755083E-07
 -0.5652103E+01  0.9465374E-08
 -0.5645823E+01  0.8927123E-07
 -0.5639543E+01  0.7935719E-07
 -0.5633263E+01  0.2162645E-07
 -0.5626983E+01  0.7896700E-07
 -0.5620703E+01  0.4499982E-07
 -0.5614422E+01  0.6002910E-07
 -0.5608142E+01  0.5653600E-07
 -0.5601862E+01  0.8721086E-07
 -0.5595582E+01  0.2383574E-07
 -0.5589302E+01  0.3927561E-07
 -0.5583022E+01  0.2406260E-07
 -0.5576742E+01  0.1144689E-07
 -0.5570462E+01  0.4427708E-07
 -0.5564182E+01  0.4019095E-07
 -0.5557901E+01  0.4350668E-07
 -0.5551621E+01  0.4410811E-07
 -0.5545341E+01  0.1312282E-06
 -0.5539061E+01  0.7273966E-07
 -0.5532781E+01  0.8932657E-07
 -0.5526501E+01  0.2110278E-07
 -0.5520221E+01  0.8175327E-08
 -0.5513941E+01  0.8600064E-07
 -0.5507660E+01  0.4643408E-07
 -0.5501380E+01  0.7353163E-08
 -0.5495100E+01  0.5656223E-07
 -0.5488820E+01  0.9093502E-07
 -0.5482540E+01  0.4244425E-07
 -0.5476260E+01  0.2470277E-07
 -0.5469980E+01  0.6576546E-07
 -0.5463700E+01  0.1060780E-06
 -0.5457420E+01  0.1854675E-07
 -0.5451139E+01  0.3366697E-07
 -0.5444859E+01  0.3792830E-07
 -0.5438579E+01  0.4575928E-07
 -0.5432299E+01  0.8148184E-07
 -0.5426019E+01  0.2722970E-07
 -0.5419739E+01  0.3355931E-07
 -0.5413459E+01  0.1659498E-07
 -0.5407179E+01  0.5086786E-07
 -0.5400899E+01  0.6131499E-07
 -0.5394618E+01  0.1650917E-07
 -0.5388338E+01  0.2519215E-07
 -0.5382058E+01  0.5101810E-07
 -0.5375778E+01  0.3077384E-07
 -0.5369498E+01  0.2582474E-07
 -0.5363218E+01  0.8157616E-07
 -0.5356938E+01  0.8468751E-07
 -0.5350658E+01  0.6026732E-07
 -0.5344378E+01  0.6286801E-07
 -0.5338097E+01  0.3654127E-07
 -0.5331817E+01  0.9244763E-07
 -0.5325537E+01  0.8828770E-07
 -0.5319257E+01  0.4117537E-07
 -0.5312977E+01  0.6668293E-07
 -0.5306697E+01  0.6419970E-07
 -0.5300417E+01  0.4741834E-07
 -0.5294137E+01  0.2623944E-07
 -0.5287856E+01  0.8429365E-07
 -0.5281576E+01  0.1153823E-07
 -0.5275296E+01  0.6319928E-07
 -0.5269016E+01  0.3455235E-07
 -0.5262736E+01  0.3083397E-07
 -0.5256456E+01  0.2413225E-07
 -0.5250176E+01  0.3117576E-07
 -0.5243896E+01  0.6864211E-07
 -0.5237616E+01  0.1169835E-06
 -0.5231335E+01  0.3956713E-07
 -0.5225055E+01  0.1331197E-07
 -0.5218775E+01  0.1001278E-06
 -0.5212495E+01  0.3191808E-07
 -0.5206215E+01  0.6861117E-07
 -0.5199935E+01  0.2698658E-07
 -0.5193655E+01  0.2182729E-07
 -0.5187375E+01  0.6161103E-07
 -0.5181095E+01  0.4863190E-07
 -0.5174814E+01  0.1129103E-07
 -0.5168534E+01  0.2617329E-07
 -0.5162254E+01  0.1064376E-07
 -0.5155974E+01  0.4004963E-07
 -0.5149694E+01  0.2569094E-07
 -0.5143414E+01  0.1351552E-07
 -0.5137134E+01  0.1005886E-06
 -0.5130854E+01  0.1424927E-06
 -0.5124573E+01  0.6654996E-07
 -0.5118293E+01  0.7148326E-07
 -0.5112013E+01  0.2318298E-07
 -0.5105733E+01  0.5823385E-07
 -0.5099453E+01  0.6317611E-07
 -0.5093173E+01  0.8702956E-07
 -0.5086893E+01  0.5480252E-07
 -0.5080613E+01  0.7720670E-07
 -0.5074333E+01  0.3391782E-07
 -0.5068052E+01  0.6264945E-07
 -0.5061772E+01  0.8425044E-07
 -0.5055492E+01  0.2749976E-07
 -0.5049212E+01  0.5103625E-07
 -0.5042932E+01  0.2503320E-07
 -0.5036652E+01  0.1028408E-06
 -0.5030372E+01  0.2347360E-07
 -0.5024092E+01  0.1265166E-06
 -0.5017812E+01  0.1329282E-07
 -0.5011531E+01  0.7113252E-07
 -0.5005251E+01  0.2309042E-07
 -0.4998971E+01  0.7747907E-07
 -0.4992691E+01  0.8487483E-07
 -0.4986411E+01  0.8436482E-07
 -0.4980131E+01  0.4636786E-07
 -0.4973851E+01  0.2050294E-07
 -0.4967571E+01  0.6863057E-07
 -0.4961291E+01  0.1100237E-06
 -0.4955010E+01  0.1013972E-06
 -0.4948730E+01  0.3967721E-07
 -0.4942450E+01  0.9537899E-07
 -0.4936170E+01  0.3355547E-07
 -0.4929890E+01  0.1183126E-07
 -0.4923610E+01  0.2083720E-07
 -0.4917330E+01  0.3814351E-07
 -0.4911050E+01  0.2191041E-07
 -0.4904769E+01  0.2117007E-07
 -0.4898489E+01  0.7114333E-07
 -0.4892209E+01  0.5215542E-07
 -0.4885929E+01  0.8198793E-07
 -0.4879649E+01  0.4585556E-07
 -0.4873369E+01  0.1690568E-07
 -0.4867089E+01  0.4959841E-07
 -0.4860809E+01  0.3651640E-07
 -0.4854529E+01  0.4049487E-07
 -0.4848248E+01  0.5470499E-07
 -0.4841968E+01  0.4034981E-07
 -0.4835688E+01  0.3527664E-07
 -0.4829408E+01  0.3650398E-07
 -0.4823128E+01  0.4653643E-07
 -0.4816848E+01  0.7790694E-07
 -0.4810568E+01  0.9011553E-07
 -0.4804288E+01  0.6101983E-07
 -0.4798008E+01  0.2886644E-07
 -0.4791727E+01  0.4304079E-07
 -0.4785447E+01  0.4320413E-07
 -0.4779167E+01  0.6340874E-07
 -0.4772887E+01  0.7063087E-07
 -0.4766607E+01  0.2928073E-07
 -0.4760327E+01  0.4915014E-07
 -0.4754047E+01  0.2052779E-07
 -0.4747767E+01  0.1053369E-06
 -0.4741487E+01  0.8420234E-07
 -0.4735206E+01  0.2422288E-07
 -0.4728926E+01  0.4392147E-07
 -0.4722646E+01  0.9526167E-07
 -0.4716366E+01  0.8053077E-07
 -0.4710086E+01  0.5698184E-07
 -0.4703806E+01  0.1032147E-06
 -0.4697526E+01  0.4148764E-07
 -0.4691246E+01  0.5977822E-07
 -0.4684965E+01  0.1010410E-06
 -0.4678685E+01  0.2298797E-07
 -0.4672405E+01  0.1889429E-07
 -0.4666125E+01  0.6416720E-07
 -0.4659845E+01  0.9590723E-07
 -0.4653565E+01  0.6463078E-07
 -0.4647285E+01  0.5483705E-07
 -0.4641005E+01  0.2337445E-07
 -0.4634725E+01  0.2942906E-07
 -0.4628444E+01  0.1386632E-07
 -0.4622164E+01  0.2355790E-07
 -0.4615884E+01  0.3371398E-07
 -0.4609604E+01  0.4758259E-07
 -0.4603324E+01  0.3894732E-07
 -0.4597044E+01  0.4948818E-07
 -0.4590764E+01  0.3183120E-07
 -0.4584484E+01  0.5085509E-07
 -0.4578204E+01  0.5685604E-07
 -0.4571923E+01  0.1718913E-07
 -0.4565643E+01  0.7928938E-07
 -0.4559363E+01  0.5109190E-07
 -0.4553083E+01  0.5661403E-07
 -0.4546803E+01  0.8351253E-07
 -0.4540523E+01  0.2601106E-07
 -0.4534243E+01  0.1285309E-07
 -0.4527963E+01  0.6000037E-07
 -0.4521682E+01  0.3901923E-07
 -0.4515402E+01  0.7555419E-07
 -0.4509122E+01  0.4957712E-07
 -0.4502842E+01  0.3955359E-07
 -0.4496562E+01  0.2803425E-07
 -0.4490282E+01  0.1859005E-07
 -0.4484002E+01  0.5319278E-07
 -0.4477722E+01  0.3733115E-08
 -0.4471442E+01  0.5117263E-07
 -0.4465161E+01  0.6039634E-07
 -0.4458881E+01  0.7805208E-08
 -0.4452601E+01  0.1607871E-07
 -0.4446321E+01  0.3753173E-07
 -0.4440041E+01  0.2836123E-07
 -0.4433761E+01  0.5426441E-07
 -0.4427481E+01  0.1306003E-07
 -0.4421201E+01  0.3491404E-07
 -0.4414921E+01  0.4044605E-07
 -0.4408640E+01  0.3478608E-07
 -0.4402360E+01  0.3534997E-07
 -0.4396080E+01  0.6589148E-07
 -0.4389800E+01  0.6811246E-08
 -0.4383520E+01  0.1130322E-06
 -0.4377240E+01  0.4752293E-07
 -0.4370960E+01  0.3595033E-07
 -0.4364680E+01  0.1016230E-06
 -0.4358400E+01  0.5753484E-07
 -0.4352119E+01  0.4486999E-07
 -0.4345839E+01  0.2024686E-07
 -0.4339559E+01  0.5142814E-07
 -0.4333279E+01  0.3282778E-07
 -0.4326999E+01  0.9860458E-07
 -0.4320719E+01  0.3428703E-07
 -0.4314439E+01  0.4656333E-07
 -0.4308159E+01  0.2273613E-07
 -0.4301878E+01  0.9949668E-07
 -0.4295598E+01  0.7684885E-07
 -0.4289318E+01  0.1180612E-07
 -0.4283038E+01  0.5874327E-07
 -0.4276758E+01  0.5466972E-07
 -0.4270478E+01  0.2137072E-07
 -0.4264198E+01  0.2795418E-07
 -0.4257918E+01  0.1586898E-07
 -0.4251638E+01  0.3315464E-07
 -0.4245357E+01  0.8140688E-07
 -0.4239077E+01  0.2423558E-07
 -0.4232797E+01  0.6929975E-07
 -0.4226517E+01  0.3770474E-07
 -0.4220237E+01  0.6888157E-07
 -0.4213957E+01  0.2395722E-07
 -0.4207677E+01  0.2334066E-07
 -0.4201397E+01  0.8899781E-07
 -0.4195117E+01  0.2152468E-07
 -0.4188836E+01  0.1049359E-06
 -0.4182556E+01  0.2323874E-07
 -0.4176276E+01  0.9307194E-07
 -0.4169996E+01  0.1787985E-07
 -0.4163716E+01  0.9360186E-07
 -0.4157436E+01  0.2646306E-07
 -0.4151156E+01  0.8225706E-07
 -0.4144876E+01  0.4860686E-07
 -0.4138596E+01  0.5540230E-07
 -0.4132315E+01  0.2598229E-07
 -0.4126035E+01  0.8145768E-07
 -0.4119755E+01  0.4587196E-07
 -0.4113475E+01  0.4051476E-07
 -0.4107195E+01  0.5013328E-07
 -0.4100915E+01  0.4567615E-07
 -0.4094635E+01  0.6284721E-07
 -0.4088355E+01  0.8223644E-07
 -0.4082074E+01  0.2016063E-07
 -0.4075794E+01  0.2950594E-07
 -0.4069514E+01  0.8086204E-07
 -0.4063234E+01  0.2525836E-07
 -0.4056954E+01  0.1010450E-07
 -0.4050674E+01  0.3090035E-07
 -0.4044394E+01  0.5772858E-07
 -0.4038114E+01  0.9052849E-07
 -0.4031834E+01  0.2496814E-07
 -0.4025553E+01  0.2946587E-07
 -0.4019273E+01  0.5527883E-07
 -0.4012993E+01  0.5248740E-07
 -0.4006713E+01  0.5892905E-07
 -0.4000433E+01  0.8299482E-08
 -0.3994153E+01  0.3714259E-07
 -0.3987873E+01  0.2669281E-07
 -0.3981593E+01  0.4736013E-08
 -0.3975313E+01  0.1160909E-07
 -0.3969032E+01  0.4190223E-07
 -0.3962752E+01  0.2141217E-07
 -0.3956472E+01  0.2629697E-07
 -0.3950192E+01  0.7533206E-07
 -0.3943912E+01  0.9276240E-07
 -0.3937632E+01  0.5056850E-07
 -0.3931352E+01  0.5078289E-07
 -0.3925072E+01  0.3826664E-07
 -0.3918791E+01  0.1012541E-07
 -0.3912511E+01  0.7430536E-07
 -0.3906231E+01  0.4487321E-07
 -0.3899951E+01  0.2094561E-07
 -0.3893671E+01  0.1643653E-07
 -0.3887391E+01  0.4209693E-07
 -0.3881111E+01  0.6452214E-07
 -0.3874831E+01  0.4630272E-07
 -0.3868551E+01  0.2301919E-07
 -0.3862270E+01  0.4997426E-07
 -0.3855990E+01  0.8137220E-07
 -0.3849710E+01  0.6378207E-07
 -0.3843430E+01  0.6022894E-07
 -0.3837150E+01  0.2664981E-07
 -0.3830870E+01  0.2037829E-07
 -0.3824590E+01  0.7891243E-07
 -0.3818310E+01  0.9772881E-07
 -0.3812030E+01  0.4603592E-07
 -0.3805749E+01  0.9962541E-07
 -0.3799469E+01  0.7345144E-07
 -0.3793189E+01  0.2703160E-07
 -0.3786909E+01  0.7158992E-07
 -0.3780629E+01  0.5276604E-07
 -0.3774349E+01  0.7401431E-08
 -0.3768069E+01  0.9309750E-08
 -0.3761789E+01  0.5044043E-07
 -0.3755509E+01  0.5596456E-07
 -0.3749228E+01  0.8844759E-07
 -0.3742948E+01  0.6548051E-07
 -0.3736668E+01  0.3158808E-07
 -0.3730388E+01  0.3782240E-08
 -0.3724108E+01  0.6005575E-07
 -0.3717828E+01  0.6904001E-07
 -0.3711548E+01  0.4989355E-07
 -0.3705268E+01  0.8149426E-07
 -0.3698987E+01  0.5238527E-08
 -0.3692707E+01  0.2494656E-07
 -0.3686427E+01  0.3404865E-07
 -0.3680147E+01  0.5633508E-07
 -0.3673867E+01  0.6556411E-07
 -0.3667587E+01  0.4588617E-07
 -0.3661307E+01  0.1531611E-07
 -0.3655027E+01  0.5032573E-07
 -0.3648747E+01  0.5753775E-07
 -0.3642466E+01  0.2770211E-07
 -0.3636186E+01  0.4072705E-07
 -0.3629906E+01  0.6496892E-07
 -0.3623626E+01  0.7156588E-07
 -0.3617346E+01  0.2041169E-07
 -0.3611066E+01  0.4382141E-07
 -0.3604786E+01  0.3561450E-07
 -0.3598506E+01  0.9374892E-07
 -0.3592226E+01  0.3076929E-07
 -0.3585945E+01  0.4065862E-07
 -0.3579665E+01  0.4234918E-07
 -0.3573385E+01  0.9948682E-07
 -0.3567105E+01  0.5373877E-07
 -0.3560825E+01  0.4741775E-07
 -0.3554545E+01  0.1609134E-07
 -0.3548265E+01  0.7302134E-07
 -0.3541985E+01  0.3297361E-07
 -0.3535705E+01  0.3296611E-07
 -0.3529424E+01  0.4730712E-07
 -0.3523144E+01  0.1009150E-06
 -0.3516864E+01  0.3046160E-07
 -0.3510584E+01  0.8165248E-07
 -0.3504304E+01  0.9341442E-07
 -0.3498024E+01  0.2802476E-07
 -0.3491744E+01  0.1927038E-07
 -0.3485464E+01  0.4459245E-07
 -0.3479183E+01  0.5117132E-07
 -0.3472903E+01  0.3085254E-07
 -0.3466623E+01  0.1263953E-07
 -0.3460343E+01  0.3669300E-07
 -0.3454063E+01  0.6144619E-07
 -0.3447783E+01  0.3555929E-07
 -0.3441503E+01  0.1650606E-07
 -0.3435223E+01  0.1123853E-06
 -0.3428943E+01  0.5131451E-07
 -0.3422662E+01  0.5866669E-07
 -0.3416382E+01  0.1477488E-07
 -0.3410102E+01  0.3698152E-07
 -0.3403822E+01  0.3609219E-07
 -0.3397542E+01  0.2497657E-07
 -0.3391262E+01  0.3252208E-07
 -0.3384982E+01  0.3936417E-07
 -0.3378702E+01  0.1737795E-07
 -0.3372422E+01  0.8318123E-07
 -0.3366141E+01  0.1924771E-07
 -0.3359861E+01  0.1235915E-07
 -0.3353581E+01  0.2811422E-07
 -0.3347301E+01  0.1560517E-07
 -0.3341021E+01  0.2252937E-07
 -0.3334741E+01  0.2284007E-07
 -0.3328461E+01  0.1925073E-07
 -0.3322181E+01  0.4723811E-07
 -0.3315900E+01  0.8820415E-07
 -0.3309620E+01  0.7485800E-07
 -0.3303340E+01  0.5328464E-07
 -0.3297060E+01  0.3835723E-07
 -0.3290780E+01  0.7936531E-07
 -0.3284500E+01  0.5522154E-07
 -0.3278220E+01  0.9938346E-08
 -0.3271940E+01  0.1047421E-06
 -0.3265660E+01  0.8879329E-07
 -0.3259379E+01  0.4834466E-07
 -0.3253099E+01  0.9008878E-07
 -0.3246819E+01  0.5370717E-07
 -0.3240539E+01  0.1954434E-07
 -0.3234259E+01  0.6762381E-07
 -0.3227979E+01  0.1976169E-07
 -0.3221699E+01  0.6885396E-07
 -0.3215419E+01  0.5879685E-07
 -0.3209139E+01  0.9741743E-07
 -0.3202858E+01  0.5588582E-07
 -0.3196578E+01  0.9137497E-07
 -0.3190298E+01  0.4462760E-07
 -0.3184018E+01  0.7585618E-07
 -0.3177738E+01  0.5423882E-07
 -0.3171458E+01  0.8023181E-07
 -0.3165178E+01  0.1206623E-07
 -0.3158898E+01  0.5109965E-07
 -0.3152618E+01  0.2249805E-07
 -0.3146337E+01  0.4661617E-07
 -0.3140057E+01  0.7939402E-07
 -0.3133777E+01  0.9698377E-08
 -0.3127497E+01  0.7531470E-07
 -0.3121217E+01  0.5216897E-07
 -0.3114937E+01  0.2385227E-07
 -0.3108657E+01  0.1772437E-07
 -0.3102377E+01  0.3778439E-07
 -0.3096096E+01  0.1970783E-07
 -0.3089816E+01  0.7113750E-07
 -0.3083536E+01  0.4760259E-07
 -0.3077256E+01  0.8541743E-07
 -0.3070976E+01  0.3469399E-07
 -0.3064696E+01  0.8220460E-07
 -0.3058416E+01  0.6047837E-07
 -0.3052136E+01  0.2715753E-07
 -0.3045856E+01  0.5318162E-07
 -0.3039575E+01  0.1037164E-06
 -0.3033295E+01  0.7156442E-07
 -0.3027015E+01  0.3230657E-07
 -0.3020735E+01  0.4324898E-07
 -0.3014455E+01  0.4825096E-07
 -0.3008175E+01  0.1730006E-07
 -0.3001895E+01  0.4827530E-07
 -0.2995615E+01  0.5624368E-07
 -0.2989335E+01  0.3038885E-07
 -0.2983054E+01  0.5916075E-07
 -0.2976774E+01  0.7522455E-07
 -0.2970494E+01  0.8082909E-07
 -0.2964214E+01  0.3940946E-07
 -0.2957934E+01  0.3396707E-07
 -0.2951654E+01  0.7519890E-07
 -0.2945374E+01  0.1379701E-07
 -0.2939094E+01  0.8362426E-07
 -0.2932814E+01  0.6521607E-07
 -0.2926533E+01  0.7341422E-07
 -0.2920253E+01  0.7853320E-07
 -0.2913973E+01  0.4569211E-07
 -0.2907693E+01  0.4616712E-07
 -0.2901413E+01  0.1638352E-07
 -0.2895133E+01  0.1974276E-07
 -0.2888853E+01  0.1817607E-07
 -0.2882573E+01  0.4295852E-07
 -0.2876292E+01  0.6455938E-07
 -0.2870012E+01  0.3258956E-07
 -0.2863732E+01  0.8387846E-07
 -0.2857452E+01  0.5339128E-07
 -0.2851172E+01  0.5182747E-07
 -0.2844892E+01  0.3981764E-07
 -0.2838612E+01  0.6757551E-07
 -0.2832332E+01  0.6817235E-07
 -0.2826052E+01  0.9113208E-07
 -0.2819771E+01  0.6141656E-07
 -0.2813491E+01  0.5119005E-07
 -0.2807211E+01  0.5716207E-07
 -0.2800931E+01  0.9295840E-07
 -0.2794651E+01  0.1552465E-07
 -0.2788371E+01  0.6777981E-07
 -0.2782091E+01  0.3838898E-07
 -0.2775811E+01  0.7170635E-07
 -0.2769531E+01  0.2869789E-07
 -0.2763250E+01  0.6506650E-07
 -0.2756970E+01  0.6945543E-07
 -0.2750690E+01  0.6447112E-07
 -0.2744410E+01  0.7351956E-07
 -0.2738130E+01  0.4602233E-07
 -0.2731850E+01  0.7730066E-07
 -0.2725570E+01  0.1261471E-06
 -0.2719290E+01  0.4465329E-07
 -0.2713009E+01  0.4278174E-07
 -0.2706729E+01  0.6032365E-07
 -0.2700449E+01  0.1029364E-06
 -0.2694169E+01  0.7616205E-07
 -0.2687889E+01  0.5270018E-07
 -0.2681609E+01  0.2608973E-07
 -0.2675329E+01  0.3863323E-07
 -0.2669049E+01  0.1394021E-07
 -0.2662769E+01  0.8667818E-07
 -0.2656488E+01  0.6416241E-07
 -0.2650208E+01  0.6958256E-07
 -0.2643928E+01  0.7580043E-07
 -0.2637648E+01  0.4646841E-07
 -0.2631368E+01  0.1331138E-07
 -0.2625088E+01  0.6244015E-07
 -0.2618808E+01  0.2349300E-07
 -0.2612528E+01  0.1254027E-06
 -0.2606248E+01  0.3455493E-07
 -0.2599967E+01  0.4118209E-07
 -0.2593687E+01  0.6229692E-07
 -0.2587407E+01  0.5517155E-07
 -0.2581127E+01  0.2977856E-07
 -0.2574847E+01  0.2933021E-07
 -0.2568567E+01  0.3572693E-07
 -0.2562287E+01  0.7984733E-07
 -0.2556007E+01  0.2242339E-07
 -0.2549727E+01  0.4385478E-07
 -0.2543446E+01  0.7549529E-07
 -0.2537166E+01  0.1294755E-07
 -0.2530886E+01  0.4188215E-07
 -0.2524606E+01  0.7908427E-07
 -0.2518326E+01  0.7025395E-07
 -0.2512046E+01  0.5311130E-07
 -0.2505766E+01  0.4814734E-07
 -0.2499486E+01  0.6774265E-07
 -0.2493205E+01  0.7554067E-07
 -0.2486925E+01  0.7482528E-07
 -0.2480645E+01  0.8517803E-07
 -0.2474365E+01  0.4925410E-07
 -0.2468085E+01  0.3288072E-07
 -0.2461805E+01  0.2348665E-07
 -0.2455525E+01  0.2904225E-07
 -0.2449245E+01  0.4479435E-07
 -0.2442965E+01  0.5269703E-07
 -0.2436684E+01  0.4206534E-07
 -0.2430404E+01  0.7204515E-07
 -0.2424124E+01  0.7419374E-07
 -0.2417844E+01  0.6678789E-07
 -0.2411564E+01  0.6265640E-07
 -0.2405284E+01  0.4417130E-07
 -0.2399004E+01  0.5014778E-08
 -0.2392724E+01  0.4315985E-07
 -0.2386444E+01  0.2399201E-07
 -0.2380163E+01  0.6978321E-07
 -0.2373883E+01  0.3561306E-07
 -0.2367603E+01  0.5459714E-07
 -0.2361323E+01  0.9725450E-09
 -0.2355043E+01  0.6765060E-07
 -0.2348763E+01  0.3047096E-07
 -0.2342483E+01  0.8536006E-07
 -0.2336203E+01  0.1120528E-06
 -0.2329923E+01  0.4348543E-07
 -0.2323642E+01  0.8299001E-07
 -0.2317362E+01  0.5597862E-07
 -0.2311082E+01  0.1151776E-07
 -0.2304802E+01  0.3617122E-07
 -0.2298522E+01  0.4518438E-07
 -0.2292242E+01  0.6917234E-08
 -0.2285962E+01  0.3018054E-07
 -0.2279682E+01  0.1094968E-06
 -0.2273401E+01  0.7240494E-07
 -0.2267121E+01  0.5789762E-07
 -0.2260841E+01  0.6591764E-08
 -0.2254561E+01  0.3799415E-07
 -0.2248281E+01  0.4531367E-07
 -0.2242001E+01  0.6995343E-07
 -0.2235721E+01  0.9900801E-07
 -0.2229441E+01  0.6070877E-07
 -0.2223161E+01  0.6194512E-07
 -0.2216880E+01  0.6435755E-07
 -0.2210600E+01  0.4240019E-07
 -0.2204320E+01  0.1039375E-06
 -0.2198040E+01  0.3981442E-07
 -0.2191760E+01  0.3053411E-07
 -0.2185480E+01  0.3697328E-07
 -0.2179200E+01  0.2422282E-07
 -0.2172920E+01  0.8915794E-07
 -0.2166640E+01  0.5422950E-07
 -0.2160359E+01  0.2116360E-07
 -0.2154079E+01  0.2474925E-07
 -0.2147799E+01  0.3342645E-08
 -0.2141519E+01  0.6624019E-07
 -0.2135239E+01  0.3596521E-07
 -0.2128959E+01  0.8306818E-07
 -0.2122679E+01  0.3742915E-07
 -0.2116399E+01  0.9202136E-08
 -0.2110118E+01  0.7653684E-07
 -0.2103838E+01  0.5377871E-07
 -0.2097558E+01  0.1569318E-07
 -0.2091278E+01  0.2287758E-07
 -0.2084998E+01  0.3259766E-07
 -0.2078718E+01  0.1929465E-07
 -0.2072438E+01  0.2183126E-07
 -0.2066158E+01  0.7455998E-07
 -0.2059878E+01  0.3693024E-07
 -0.2053597E+01  0.5386577E-07
 -0.2047317E+01  0.5615893E-07
 -0.2041037E+01  0.6886005E-07
 -0.2034757E+01  0.9278261E-07
 -0.2028477E+01  0.5957554E-07
 -0.2022197E+01  0.3723786E-07
 -0.2015917E+01  0.3843762E-07
 -0.2009637E+01  0.3316110E-07
 -0.2003357E+01  0.2495947E-07
 -0.1997076E+01  0.1262427E-07
 -0.1990796E+01  0.4483186E-07
 -0.1984516E+01  0.3665573E-07
 -0.1978236E+01  0.4560940E-07
 -0.1971956E+01  0.1987294E-07
 -0.1965676E+01  0.6209653E-07
 -0.1959396E+01  0.7644270E-07
 -0.1953116E+01  0.4828732E-07
 -0.1946836E+01  0.5564251E-07
 -0.1940555E+01  0.9674087E-08
 -0.1934275E+01  0.6347650E-07
 -0.1927995E+01  0.9970844E-08
 -0.1921715E+01  0.4567633E-07
 -0.1915435E+01  0.3490818E-07
 -0.1909155E+01  0.6734603E-07
 -0.1902875E+01  0.5722617E-07
 -0.1896595E+01  0.4634761E-07
 -0.1890314E+01  0.5422010E-07
 -0.1884034E+01  0.5057997E-07
 -0.1877754E+01  0.9594205E-08
 -0.1871474E+01  0.1805547E-07
 -0.1865194E+01  0.3453672E-07
 -0.1858914E+01  0.2027676E-07
 -0.1852634E+01  0.3045491E-07
 -0.1846354E+01  0.3179408E-07
 -0.1840074E+01  0.4244033E-07
 -0.1833793E+01  0.1117403E-06
 -0.1827513E+01  0.4754612E-07
 -0.1821233E+01  0.1275984E-06
 -0.1814953E+01  0.1011725E-06
 -0.1808673E+01  0.4224481E-07
 -0.1802393E+01  0.7430543E-07
 -0.1796113E+01  0.7600855E-07
 -0.1789833E+01  0.6443760E-07
 -0.1783553E+01  0.1049306E-06
 -0.1777272E+01  0.1550050E-07
 -0.1770992E+01  0.4257713E-07
 -0.1764712E+01  0.3284736E-07
 -0.1758432E+01  0.2306097E-07
 -0.1752152E+01  0.4792585E-07
 -0.1745872E+01  0.4530819E-07
 -0.1739592E+01  0.1739976E-07
 -0.1733312E+01  0.7549026E-07
 -0.1727032E+01  0.4358300E-07
 -0.1720751E+01  0.5611490E-07
 -0.1714471E+01  0.5445227E-07
 -0.1708191E+01  0.7653879E-07
 -0.1701911E+01  0.1152507E-06
 -0.1695631E+01  0.4783468E-07
 -0.1689351E+01  0.1062175E-06
 -0.1683071E+01  0.9615079E-07
 -0.1676791E+01  0.4186775E-07
 -0.1670510E+01  0.6446862E-07
 -0.1664230E+01  0.4705846E-07
 -0.1657950E+01  0.3754151E-08
 -0.1651670E+01  0.6697624E-07
 -0.1645390E+01  0.3859462E-07
 -0.1639110E+01  0.4474518E-07
 -0.1632830E+01  0.4295287E-07
 -0.1626550E+01  0.2851300E-07
 -0.1620270E+01  0.7809333E-07
 -0.1613989E+01  0.6353936E-07
 -0.1607709E+01  0.8216578E-07
 -0.1601429E+01  0.6137116E-07
 -0.1595149E+01  0.2483708E-07
 -0.1588869E+01  0.7815370E-07
 -0.1582589E+01  0.3765634E-07
 -0.1576309E+01  0.5919336E-07
 -0.1570029E+01  0.5062797E-07
 -0.1563749E+01  0.1279319E-06
 -0.1557468E+01  0.1355901E-07
 -0.1551188E+01  0.7429604E-07
 -0.1544908E+01  0.3904635E-07
 -0.1538628E+01  0.5139488E-07
 -0.1532348E+01  0.4330965E-07
 -0.1526068E+01  0.2222223E-07
 -0.1519788E+01  0.3529605E-07
 -0.1513508E+01  0.7887149E-07
 -0.1507227E+01  0.4082532E-07
 -0.1500947E+01  0.2199104E-07
 -0.1494667E+01  0.3680938E-07
 -0.1488387E+01  0.1001414E-06
 -0.1482107E+01  0.4571912E-07
 -0.1475827E+01  0.2518251E-07
 -0.1469547E+01  0.2505068E-07
 -0.1463267E+01  0.1243520E-07
 -0.1456987E+01  0.9553980E-07
 -0.1450706E+01  0.2934924E-07
 -0.1444426E+01  0.8299231E-07
 -0.1438146E+01  0.2043061E-07
 -0.1431866E+01  0.2044315E-07
 -0.1425586E+01  0.5879618E-07
 -0.1419306E+01  0.7021123E-07
 -0.1413026E+01  0.1190855E-06
 -0.1406746E+01  0.5241434E-07
 -0.1400466E+01  0.4230171E-07
 -0.1394185E+01  0.4086720E-07
 -0.1387905E+01  0.3849426E-07
 -0.1381625E+01  0.6225906E-07
 -0.1375345E+01  0.7235400E-07
 -0.1369065E+01  0.7269751E-07
 -0.1362785E+01  0.1338876E-07
 -0.1356505E+01  0.2961793E-07
 -0.1350225E+01  0.3859791E-07
 -0.1343945E+01  0.2797728E-07
 -0.1337664E+01  0.5379651E-07
 -0.1331384E+01  0.8618842E-07
 -0.1325104E+01  0.1009815E-06
 -0.1318824E+01  0.6434665E-07
 -0.1312544E+01  0.5968945E-07
 -0.1306264E+01  0.2300671E-07
 -0.1299984E+01  0.5764199E-07
 -0.1293704E+01  0.4050643E-07
 -0.1287423E+01  0.5484256E-07
 -0.1281143E+01  0.1623478E-06
 -0.1274863E+01  0.6034027E-07
 -0.1268583E+01  0.6072329E-07
 -0.1262303E+01  0.3580901E-07
 -0.1256023E+01  0.2970590E-07
 -0.1249743E+01  0.4309424E-07
 -0.1243463E+01  0.1188806E-07
 -0.1237183E+01  0.5132343E-07
 -0.1230902E+01  0.3196140E-07
 -0.1224622E+01  0.9542342E-08
 -0.1218342E+01  0.5174278E-07
 -0.1212062E+01  0.3758840E-07
 -0.1205782E+01  0.8999729E-07
 -0.1199502E+01  0.6239740E-07
 -0.1193222E+01  0.7096971E-07
 -0.1186942E+01  0.4209423E-07
 -0.1180662E+01  0.6679312E-07
 -0.1174381E+01  0.4039789E-07
 -0.1168101E+01  0.4311488E-07
 -0.1161821E+01  0.8809667E-07
 -0.1155541E+01  0.1173723E-06
 -0.1149261E+01  0.7792224E-07
 -0.1142981E+01  0.5215956E-07
 -0.1136701E+01  0.3152022E-07
 -0.1130421E+01  0.7022476E-07
 -0.1124141E+01  0.8055668E-07
 -0.1117860E+01  0.3931550E-07
 -0.1111580E+01  0.9232685E-07
 -0.1105300E+01  0.2280591E-07
 -0.1099020E+01  0.1069145E-07
 -0.1092740E+01  0.8605838E-08
 -0.1086460E+01  0.2768870E-07
 -0.1080180E+01  0.4058976E-07
 -0.1073900E+01  0.4648395E-07
 -0.1067619E+01  0.7154650E-07
 -0.1061339E+01  0.4037935E-07
 -0.1055059E+01  0.4540791E-07
 -0.1048779E+01  0.2250249E-07
 -0.1042499E+01  0.8343187E-07
 -0.1036219E+01  0.6207327E-07
 -0.1029939E+01  0.4995202E-07
 -0.1023659E+01  0.3026087E-07
 -0.1017379E+01  0.1279891E-06
 -0.1011098E+01  0.6082755E-07
 -0.1004818E+01  0.2987607E-07
 -0.9985382E+00  0.5986634E-07
 -0.9922581E+00  0.1357105E-06
 -0.9859780E+00  0.3122098E-07
 -0.9796979E+00  0.3914990E-07
 -0.9734178E+00  0.4922327E-07
 -0.9671376E+00  0.8191264E-07
 -0.9608575E+00  0.6630391E-07
 -0.9545774E+00  0.8732470E-07
 -0.9482973E+00  0.8230663E-07
 -0.9420172E+00  0.5912648E-07
 -0.9357371E+00  0.4469180E-07
 -0.9294570E+00  0.5281508E-07
 -0.9231768E+00  0.4745949E-07
 -0.9168967E+00  0.6734974E-07
 -0.9106166E+00  0.8996265E-07
 -0.9043365E+00  0.4822093E-08
 -0.8980564E+00  0.6108732E-07
 -0.8917763E+00  0.7955195E-07
 -0.8854962E+00  0.9977832E-07
 -0.8792160E+00  0.2193623E-07
 -0.8729359E+00  0.7490771E-07
 -0.8666558E+00  0.6745231E-07
 -0.8603757E+00  0.4453948E-07
 -0.8540956E+00  0.6052582E-07
 -0.8478155E+00  0.2144932E-07
 -0.8415354E+00  0.3645883E-07
 -0.8352552E+00  0.1027797E-07
 -0.8289751E+00  0.6325751E-07
 -0.8226950E+00  0.4976115E-07
 -0.8164149E+00  0.3914957E-07
 -0.8101348E+00  0.2099152E-07
 -0.8038547E+00  0.2471673E-07
 -0.7975746E+00  0.6825703E-07
 -0.7912944E+00  0.3912548E-07
 -0.7850143E+00  0.5494660E-07
 -0.7787342E+00  0.2256984E-07
 -0.7724541E+00  0.2842541E-07
 -0.7661740E+00  0.6381674E-07
 -0.7598939E+00  0.7717743E-07
 -0.7536137E+00  0.8131662E-07
 -0.7473336E+00  0.9590798E-07
 -0.7410535E+00  0.1616257E-06
 -0.7347734E+00  0.8857213E-07
 -0.7284933E+00  0.3694809E-07
 -0.7222132E+00  0.6051995E-07
 -0.7159331E+00  0.6579806E-07
 -0.7096529E+00  0.1990742E-07
 -0.7033728E+00  0.5532566E-07
 -0.6970927E+00  0.5164739E-07
 -0.6908126E+00  0.5693543E-07
 -0.6845325E+00  0.2380411E-07
 -0.6782524E+00  0.8767381E-07
 -0.6719723E+00  0.9610795E-07
 -0.6656921E+00  0.6237769E-07
 -0.6594120E+00  0.1936509E-07
 -0.6531319E+00  0.3288213E-07
 -0.6468518E+00  0.1826676E-06
 -0.6405717E+00  0.7311384E-08
 -0.6342916E+00  0.1005792E-06
 -0.6280115E+00  0.4525338E-07
 -0.6217313E+00  0.8602883E-07
 -0.6154512E+00  0.1623784E-06
 -0.6091711E+00  0.1520675E-06
 -0.6028910E+00  0.5727551E-07
 -0.5966109E+00  0.1056540E-06
 -0.5903308E+00  0.6977680E-07
 -0.5840507E+00  0.1865620E-06
 -0.5777705E+00  0.5060773E-07
 -0.5714904E+00  0.8593506E-07
 -0.5652103E+00  0.3579502E-07
 -0.5589302E+00  0.2848249E-07
 -0.5526501E+00  0.3194076E-06
 -0.5463700E+00  0.1485183E-06
 -0.5400899E+00  0.1318330E-06
 -0.5338097E+00  0.5943502E-07
 -0.5275296E+00  0.2205395E-07
 -0.5212495E+00  0.3794526E-06
 -0.5149694E+00  0.2237742E-06
 -0.5086893E+00  0.2057912E-06
 -0.5024092E+00  0.5723255E-07
 -0.4961291E+00  0.4653109E-07
 -0.4898489E+00  0.4596712E-06
 -0.4835688E+00  0.3199908E-06
 -0.4772887E+00  0.2358096E-06
 -0.4710086E+00  0.1047489E-06
 -0.4647285E+00  0.6494333E-07
 -0.4584484E+00  0.6824358E-06
 -0.4521682E+00  0.3423093E-06
 -0.4458881E+00  0.3863170E-06
 -0.4396080E+00  0.1193940E-06
 -0.4333279E+00  0.4064454E-07
 -0.4270478E+00  0.9702909E-06
 -0.4207677E+00  0.6241118E-06
 -0.4144876E+00  0.5445423E-06
 -0.4082074E+00  0.1568208E-06
 -0.4019273E+00  0.5676013E-07
 -0.3956472E+00  0.1531078E-05
 -0.3893671E+00  0.1000431E-05
 -0.3830870E+00  0.8967955E-06
 -0.3768069E+00  0.3183568E-06
 -0.3705268E+00  0.1077729E-06
 -0.3642466E+00  0.2607171E-05
 -0.3579665E+00  0.1684637E-05
 -0.3516864E+00  0.1692100E-05
 -0.3454063E+00  0.4913372E-06
 -0.3391262E+00  0.9161620E-07
 -0.3328461E+00  0.4988343E-05
 -0.3265660E+00  0.3446333E-05
 -0.3202858E+00  0.3390093E-05
 -0.3140057E+00  0.1029109E-05
 -0.3077256E+00  0.3590020E-06
 -0.3014455E+00  0.1156363E-04
 -0.2951654E+00  0.8351713E-05
 -0.2888853E+00  0.8720911E-05
 -0.2826052E+00  0.2962711E-05
 -0.2763250E+00  0.1134372E-05
 -0.2700449E+00  0.3755654E-04
 -0.2637648E+00  0.3024921E-04
 -0.2574847E+00  0.3630539E-04
 -0.2512046E+00  0.1445156E-04
 -0.2449245E+00  0.6832386E-05
 -0.2386444E+00  0.2905447E-03
 -0.2323642E+00  0.3425351E-03
 -0.2260841E+00  0.7976606E-03
 -0.2198040E+00  0.2041244E-02
 -0.2135239E+00  0.3272177E-03
 -0.2072438E+00  0.1070964E-01
 -0.2009637E+00  0.1420881E-01
 -0.1946836E+00  0.3772789E-02
 -0.1884034E+00  0.2619553E-02
 -0.1821233E+00  0.1308245E-03
 -0.1758432E+00  0.8382160E-03
 -0.1695631E+00  0.2201261E-03
 -0.1632830E+00  0.1073571E-03
 -0.1570029E+00  0.1786016E-04
 -0.1507227E+00  0.4019999E-05
 -0.1444426E+00  0.5882053E-04
 -0.1381625E+00  0.2454159E-04
 -0.1318824E+00  0.1656315E-04
 -0.1256023E+00  0.3451306E-05
 -0.1193222E+00  0.9605138E-06
 -0.1130421E+00  0.1547908E-04
 -0.1067619E+00  0.7229128E-05
 -0.1004818E+00  0.5407765E-05
 -0.9420172E-01  0.1158951E-05
 -0.8792160E-01  0.4721679E-06
 -0.8164149E-01  0.6252810E-05
 -0.7536137E-01  0.3074978E-05
 -0.6908126E-01  0.2342298E-05
 -0.6280115E-01  0.5956404E-06
 -0.5652103E-01  0.3597793E-06
 -0.5024092E-01  0.3108140E-05
 -0.4396080E-01  0.1835015E-05
 -0.3768069E-01  0.1180436E-05
 -0.3140057E-01  0.3306916E-06
 -0.2512046E-01  0.4925780E-06
 -0.1884034E-01  0.1929013E-05
 -0.1256023E-01  0.1523570E-05
 -0.6280115E-02  0.7715087E-06
  0.0000000E+00  0.3759766E-06
  0.6280115E-02  0.7715087E-06
  0.1256023E-01  0.1523570E-05
  0.1884034E-01  0.1929013E-05
  0.2512046E-01  0.4925780E-06
  0.3140057E-01  0.3306916E-06
  0.3768069E-01  0.1180436E-05
  0.4396080E-01  0.1835015E-05
  0.5024092E-01  0.3108140E-05
  0.5652103E-01  0.3597793E-06
  0.6280115E-01  0.5956404E-06
  0.6908126E-01  0.2342298E-05
  0.7536137E-01  0.3074978E-05
  0.8164149E-01  0.6252810E-05
  0.8792160E-01  0.4721679E-06
  0.9420172E-01  0.1158951E-05
  0.1004818E+00  0.5407765E-05
  0.1067619E+00  0.7229128E-05
  0.1130421E+00  0.1547908E-04
  0.1193222E+00  0.9605138E-06
  0.1256023E+00  0.3451306E-05
  0.1318824E+00  0.1656315E-04
  0.1381625E+00  0.2454159E-04
  0.1444426E+00  0.5882053E-04
  0.1507227E+00  0.4019999E-05
  0.1570029E+00  0.1786016E-04
  0.1632830E+00  0.1073571E-03
  0.1695631E+00  0.2201261E-03
  0.1758432E+00  0.8382160E-03
  0.1821233E+00  0.1308245E-03
  0.1884034E+00  0.2619553E-02
  0.1946836E+00  0.3772789E-02
  0.2009637E+00  0.1420881E-01
  0.2072438E+00  0.1070964E-01
  0.2135239E+00  0.3272177E-03
  0.2198040E+00  0.2041244E-02
  0.2260841E+00  0.7976606E-03
  0.2323642E+00  0.3425351E-03
  0.2386444E+00  0.2905447E-03
  0.2449245E+00  0.6832386E-05
  0.2512046E+00  0.1445156E-04
  0.2574847E+00  0.3630539E-04
  0.2637648E+00  0.3024921E-04
  0.2700449E+00  0.3755654E-04
  0.2763250E+00  0.1134372E-05
  0.2826052E+00  0.2962711E-05
  0.2888853E+00  0.8720911E-05
  0.2951654E+00  0.8351713E-05
  0.3014455E+00  0.1156363E-04
  0.3077256E+00  0.3590020E-06
  0.3140057E+00  0.1029109E-05
  0.3202858E+00  0.3390093E-05
  0.3265660E+00  0.3446333E-05
  0.3328461E+00  0.4988343E-05
  0.3391262E+00  0.9161620E-07
  0.3454063E+00  0.4913372E-06
  0.3516864E+00  0.1692100E-05
  0.3579665E+00  0.1684637E-05
  0.3642466E+00  0.2607171E-05
  0.3705268E+00  0.1077729E-06
  0.3768069E+00  0.3183568E-06
  0.3830870E+00  0.8967955E-06
  0.3893671E+00  0.1000431E-05
  0.3956472E+00  0.1531078E-05
  0.4019273E+00  0.5676013E-07
  0.4082074E+00  0.1568208E-06
  0.4144876E+00  0.5445423E-06
  0.4207677E+00  0.6241118E-06
  0.4270478E+00  0.9702909E-06
  0.4333279E+00  0.4064454E-07
  0.4396080E+00  0.1193940E-06
  0.4458881E+00  0.3863170E-06
  0.4521682E+00  0.3423093E-06
  0.4584484E+00  0.6824358E-06
  0.4647285E+00  0.6494333E-07
  0.4710086E+00  0.1047489E-06
  0.4772887E+00  0.2358096E-06
  0.4835688E+00  0.3199908E-06
  0.4898489E+00  0.4596712E-06
  0.4961291E+00  0.4653109E-07
  0.5024092E+00  0.5723255E-07
  0.5086893E+00  0.2057912E-06
  0.5149694E+00  0.2237742E-06
  0.5212495E+00  0.3794526E-06
  0.5275296E+00  0.2205395E-07
  0.5338097E+00  0.5943502E-07
  0.5400899E+00  0.1318330E-06
  0.5463700E+00  0.1485183E-06
  0.5526501E+00  0.3194076E-06
  0.5589302E+00  0.2848249E-07
  0.5652103E+00  0.3579502E-07
  0.5714904E+00  0.8593506E-07
  0.5777705E+00  0.5060773E-07
  0.5840507E+00  0.1865620E-06
  0.5903308E+00  0.6977680E-07
  0.5966109E+00  0.1056540E-06
  0.6028910E+00  0.5727551E-07
  0.6091711E+00  0.1520675E-06
  0.6154512E+00  0.1623784E-06
  0.6217313E+00  0.8602883E-07
  0.6280115E+00  0.4525338E-07
  0.6342916E+00  0.1005792E-06
  0.6405717E+00  0.7311384E-08
  0.6468518E+00  0.1826676E-06
  0.6531319E+00  0.3288213E-07
  0.6594120E+00  0.1936509E-07
  0.6656921E+00  0.6237769E-07
  0.6719723E+00  0.9610795E-07
  0.6782524E+00  0.8767381E-07
  0.6845325E+00  0.2380411E-07
  0.6908126E+00  0.5693543E-07
  0.6970927E+00  0.5164739E-07
  0.7033728E+00  0.5532566E-07
  0.7096529E+00  0.1990742E-07
  0.7159331E+00  0.6579806E-07
  0.7222132E+00  0.6051995E-07
  0.7284933E+00  0.3694809E-07
  0.7347734E+00  0.8857213E-07
  0.7410535E+00  0.1616257E-06
  0.7473336E+00  0.9590798E-07
  0.7536137E+00  0.8131662E-07
  0.7598939E+00  0.7717743E-07
  0.7661740E+00  0.6381674E-07
  0.7724541E+00  0.2842541E-07
  0.7787342E+00  0.2256984E-07
  0.7850143E+00  0.5494660E-07
  0.7912944E+00  0.3912548E-07
  0.7975746E+00  0.6825703E-07
  0.8038547E+00  0.2471673E-07
  0.8101348E+00  0.2099152E-07
  0.8164149E+00  0.3914957E-07
  0.8226950E+00  0.4976115E-07
  0.8289751E+00  0.6325751E-07
  0.8352552E+00  0.1027797E-07
  0.8415354E+00  0.3645883E-07
  0.8478155E+00  0.2144932E-07
  0.8540956E+00  0.6052582E-07
  0.8603757E+00  0.4453948E-07
  0.8666558E+00  0.6745231E-07
  0.8729359E+00  0.7490771E-07
  0.8792160E+00  0.2193623E-07
  0.8854962E+00  0.9977832E-07
  0.8917763E+00  0.7955195E-07
  0.8980564E+00  0.6108732E-07
  0.9043365E+00  0.4822093E-08
  0.9106166E+00  0.8996265E-07
  0.9168967E+00  0.6734974E-07
  0.9231768E+00  0.4745949E-07
  0.9294570E+00  0.5281508E-07
  0.9357371E+00  0.4469180E-07
  0.9420172E+00  0.5912648E-07
  0.9482973E+00  0.8230663E-07
  0.9545774E+00  0.8732470E-07
  0.9608575E+00  0.6630391E-07
  0.9671376E+00  0.8191264E-07
  0.9734178E+00  0.4922327E-07
  0.9796979E+00  0.3914990E-07
  0.9859780E+00  0.3122098E-07
  0.9922581E+00  0.1357105E-06
  0.9985382E+00  0.5986634E-07
  0.1004818E+01  0.2987607E-07
  0.1011098E+01  0.6082755E-07
  0.1017379E+01  0.1279891E-06
  0.1023659E+01  0.3026087E-07
  0.1029939E+01  0.4995202E-07
  0.1036219E+01  0.6207327E-07
  0.1042499E+01  0.8343187E-07
  0.1048779E+01  0.2250249E-07
  0.1055059E+01  0.4540791E-07
  0.1061339E+01  0.4037935E-07
  0.1067619E+01  0.7154650E-07
  0.1073900E+01  0.4648395E-07
  0.1080180E+01  0.4058976E-07
  0.1086460E+01  0.2768870E-07
  0.1092740E+01  0.8605838E-08
  0.1099020E+01  0.1069145E-07
  0.1105300E+01  0.2280591E-07
  0.1111580E+01  0.9232685E-07
  0.1117860E+01  0.3931550E-07
  0.1124141E+01  0.8055668E-07
  0.1130421E+01  0.7022476E-07
  0.1136701E+01  0.3152022E-07
  0.1142981E+01  0.5215956E-07
  0.1149261E+01  0.7792224E-07
  0.1155541E+01  0.1173723E-06
  0.1161821E+01  0.8809667E-07
  0.1168101E+01  0.4311488E-07
  0.1174381E+01  0.4039789E-07
  0.1180662E+01  0.6679312E-07
  0.1186942E+01  0.4209423E-07
  0.1193222E+01  0.7096971E-07
  0.1199502E+01  0.6239740E-07
  0.1205782E+01  0.8999729E-07
  0.1212062E+01  0.3758840E-07
  0.1218342E+01  0.5174278E-07
  0.1224622E+01  0.9542342E-08
  0.1230902E+01  0.3196140E-07
  0.1237183E+01  0.5132343E-07
  0.1243463E+01  0.1188806E-07
  0.1249743E+01  0.4309424E-07
  0.1256023E+01  0.2970590E-07
  0.1262303E+01  0.3580901E-07
  0.1268583E+01  0.6072329E-07
  0.1274863E+01  0.6034027E-07
  0.1281143E+01  0.1623478E-06
  0.1287423E+01  0.5484256E-07
  0.1293704E+01  0.4050643E-07
  0.1299984E+01  0.5764199E-07
  0.1306264E+01  0.2300671E-07
  0.1312544E+01  0.5968945E-07
  0.1318824E+01  0.6434665E-07
  0.1325104E+01  0.1009815E-06
  0.1331384E+01  0.8618842E-07
  0.1337664E+01  0.5379651E-07
  0.1343945E+01  0.2797728E-07
  0.1350225E+01  0.3859791E-07
  0.1356505E+01  0.2961793E-07
  0.1362785E+01  0.1338876E-07
  0.1369065E+01  0.7269751E-07
  0.1375345E+01  0.7235400E-07
  0.1381625E+01  0.6225906E-07
  0.1387905E+01  0.3849426E-07
  0.1394185E+01  0.4086720E-07
  0.1400466E+01  0.4230171E-07
  0.1406746E+01  0.5241434E-07
  0.1413026E+01  0.1190855E-06
  0.1419306E+01  0.7021123E-07
  0.1425586E+01  0.5879618E-07
  0.1431866E+01  0.2044315E-07
  0.1438146E+01  0.2043061E-07
  0.1444426E+01  0.8299231E-07
  0.1450706E+01  0.2934924E-07
  0.1456987E+01  0.9553980E-07
  0.1463267E+01  0.1243520E-07
  0.1469547E+01  0.2505068E-07
  0.1475827E+01  0.2518251E-07
  0.1482107E+01  0.4571912E-07
  0.1488387E+01  0.1001414E-06
  0.1494667E+01  0.3680938E-07
  0.1500947E+01  0.2199104E-07
  0.1507227E+01  0.4082532E-07
  0.1513508E+01  0.7887149E-07
  0.1519788E+01  0.3529605E-07
  0.1526068E+01  0.2222223E-07
  0.1532348E+01  0.4330965E-07
  0.1538628E+01  0.5139488E-07
  0.1544908E+01  0.3904635E-07
  0.1551188E+01  0.7429604E-07
  0.1557468E+01  0.1355901E-07
  0.1563749E+01  0.1279319E-06
  0.1570029E+01  0.5062797E-07
  0.1576309E+01  0.5919336E-07
  0.1582589E+01  0.3765634E-07
  0.1588869E+01  0.7815370E-07
  0.1595149E+01  0.2483708E-07
  0.1601429E+01  0.6137116E-07
  0.1607709E+01  0.8216578E-07
  0.1613989E+01  0.6353936E-07
  0.1620270E+01  0.7809333E-07
  0.1626550E+01  0.2851300E-07
  0.1632830E+01  0.4295287E-07
  0.1639110E+01  0.4474518E-07
  0.1645390E+01  0.3859462E-07
  0.1651670E+01  0.6697624E-07
  0.1657950E+01  0.3754151E-08
  0.1664230E+01  0.4705846E-07
  0.1670510E+01  0.6446862E-07
  0.1676791E+01  0.4186775E-07
  0.1683071E+01  0.9615079E-07
  0.1689351E+01  0.1062175E-06
  0.1695631E+01  0.4783468E-07
  0.1701911E+01  0.1152507E-06
  0.1708191E+01  0.7653879E-07
  0.1714471E+01  0.5445227E-07
  0.1720751E+01  0.5611490E-07
  0.1727032E+01  0.4358300E-07
  0.1733312E+01  0.7549026E-07
  0.1739592E+01  0.1739976E-07
  0.1745872E+01  0.4530819E-07
  0.1752152E+01  0.4792585E-07
  0.1758432E+01  0.2306097E-07
  0.1764712E+01  0.3284736E-07
  0.1770992E+01  0.4257713E-07
  0.1777272E+01  0.1550050E-07
  0.1783553E+01  0.1049306E-06
  0.1789833E+01  0.6443760E-07
  0.1796113E+01  0.7600855E-07
  0.1802393E+01  0.7430543E-07
  0.1808673E+01  0.4224481E-07
  0.1814953E+01  0.1011725E-06
  0.1821233E+01  0.1275984E-06
  0.1827513E+01  0.4754612E-07
  0.1833793E+01  0.1117403E-06
  0.1840074E+01  0.4244033E-07
  0.1846354E+01  0.3179408E-07
  0.1852634E+01  0.3045491E-07
  0.1858914E+01  0.2027676E-07
  0.1865194E+01  0.3453672E-07
  0.1871474E+01  0.1805547E-07
  0.1877754E+01  0.9594205E-08
  0.1884034E+01  0.5057997E-07
  0.1890314E+01  0.5422010E-07
  0.1896595E+01  0.4634761E-07
  0.1902875E+01  0.5722617E-07
  0.1909155E+01  0.6734603E-07
  0.1915435E+01  0.3490818E-07
  0.1921715E+01  0.4567633E-07
  0.1927995E+01  0.9970844E-08
  0.1934275E+01  0.6347650E-07
  0.1940555E+01  0.9674087E-08
  0.1946836E+01  0.5564251E-07
  0.1953116E+01  0.4828732E-07
  0.1959396E+01  0.7644270E-07
  0.1965676E+01  0.6209653E-07
  0.1971956E+01  0.1987294E-07
  0.1978236E+01  0.4560940E-07
  0.1984516E+01  0.3665573E-07
  0.1990796E+01  0.4483186E-07
  0.1997076E+01  0.1262427E-07
  0.2003357E+01  0.2495947E-07
  0.2009637E+01  0.3316110E-07
  0.2015917E+01  0.3843762E-07
  0.2022197E+01  0.3723786E-07
  0.2028477E+01  0.5957554E-07
  0.2034757E+01  0.9278261E-07
  0.2041037E+01  0.6886005E-07
  0.2047317E+01  0.5615893E-07
  0.2053597E+01  0.5386577E-07
  0.2059878E+01  0.3693024E-07
  0.2066158E+01  0.7455998E-07
  0.2072438E+01  0.2183126E-07
  0.2078718E+01  0.1929465E-07
  0.2084998E+01  0.3259766E-07
  0.2091278E+01  0.2287758E-07
  0.2097558E+01  0.1569318E-07
  0.2103838E+01  0.5377871E-07
  0.2110118E+01  0.7653684E-07
  0.2116399E+01  0.9202136E-08
  0.2122679E+01  0.3742915E-07
  0.2128959E+01  0.8306818E-07
  0.2135239E+01  0.3596521E-07
  0.2141519E+01  0.6624019E-07
  0.2147799E+01  0.3342645E-08
  0.2154079E+01  0.2474925E-07
  0.2160359E+01  0.2116360E-07
  0.2166640E+01  0.5422950E-07
  0.2172920E+01  0.8915794E-07
  0.2179200E+01  0.2422282E-07
  0.2185480E+01  0.3697328E-07
  0.2191760E+01  0.3053411E-07
  0.2198040E+01  0.3981442E-07
  0.2204320E+01  0.1039375E-06
  0.2210600E+01  0.4240019E-07
  0.2216880E+01  0.6435755E-07
  0.2223161E+01  0.6194512E-07
  0.2229441E+01  0.6070877E-07
  0.2235721E+01  0.9900801E-07
  0.2242001E+01  0.6995343E-07
  0.2248281E+01  0.4531367E-07
  0.2254561E+01  0.3799415E-07
  0.2260841E+01  0.6591764E-08
  0.2267121E+01  0.5789762E-07
  0.2273401E+01  0.7240494E-07
  0.2279682E+01  0.1094968E-06
  0.2285962E+01  0.3018054E-07
  0.2292242E+01  0.6917234E-08
  0.2298522E+01  0.4518438E-07
  0.2304802E+01  0.3617122E-07
  0.2311082E+01  0.1151776E-07
  0.2317362E+01  0.5597862E-07
  0.2323642E+01  0.8299001E-07
  0.2329923E+01  0.4348543E-07
  0.2336203E+01  0.1120528E-06
  0.2342483E+01  0.8536006E-07
  0.2348763E+01  0.3047096E-07
  0.2355043E+01  0.6765060E-07
  0.2361323E+01  0.9725450E-09
  0.2367603E+01  0.5459714E-07
  0.2373883E+01  0.3561306E-07
  0.2380163E+01  0.6978321E-07
  0.2386444E+01  0.2399201E-07
  0.2392724E+01  0.4315985E-07
  0.2399004E+01  0.5014778E-08
  0.2405284E+01  0.4417130E-07
  0.2411564E+01  0.6265640E-07
  0.2417844E+01  0.6678789E-07
  0.2424124E+01  0.7419374E-07
  0.2430404E+01  0.7204515E-07
  0.2436684E+01  0.4206534E-07
  0.2442965E+01  0.5269703E-07
  0.2449245E+01  0.4479435E-07
  0.2455525E+01  0.2904225E-07
  0.2461805E+01  0.2348665E-07
  0.2468085E+01  0.3288072E-07
  0.2474365E+01  0.4925410E-07
  0.2480645E+01  0.8517803E-07
  0.2486925E+01  0.7482528E-07
  0.2493205E+01  0.7554067E-07
  0.2499486E+01  0.6774265E-07
  0.2505766E+01  0.4814734E-07
  0.2512046E+01  0.5311130E-07
  0.2518326E+01  0.7025395E-07
  0.2524606E+01  0.7908427E-07
  0.2530886E+01  0.4188215E-07
  0.2537166E+01  0.1294755E-07
  0.2543446E+01  0.7549529E-07
  0.2549727E+01  0.4385478E-07
  0.2556007E+01  0.2242339E-07
  0.2562287E+01  0.7984733E-07
  0.2568567E+01  0.3572693E-07
  0.2574847E+01  0.2933021E-07
  0.2581127E+01  0.2977856E-07
  0.2587407E+01  0.5517155E-07
  0.2593687E+01  0.6229692E-07
  0.2599967E+01  0.4118209E-07
  0.2606248E+01  0.3455493E-07
  0.2612528E+01  0.1254027E-06
  0.2618808E+01  0.2349300E-07
  0.2625088E+01  0.6244015E-07
  0.2631368E+01  0.1331138E-07
  0.2637648E+01  0.4646841E-07
  0.2643928E+01  0.7580043E-07
  0.2650208E+01  0.6958256E-07
  0.2656488E+01  0.6416241E-07
  0.2662769E+01  0.8667818E-07
  0.2669049E+01  0.1394021E-07
  0.2675329E+01  0.3863323E-07
  0.2681609E+01  0.2608973E-07
  0.2687889E+01  0.5270018E-07
  0.2694169E+01  0.7616205E-07
  0.2700449E+01  0.1029364E-06
  0.2706729E+01  0.6032365E-07
  0.2713009E+01  0.4278174E-07
  0.2719290E+01  0.4465329E-07
  0.2725570E+01  0.1261471E-06
  0.2731850E+01  0.7730066E-07
  0.2738130E+01  0.4602233E-07
  0.2744410E+01  0.7351956E-07
  0.2750690E+01  0.6447112E-07
  0.2756970E+01  0.6945543E-07
  0.2763250E+01  0.6506650E-07
  0.2769531E+01  0.2869789E-07
  0.2775811E+01  0.7170635E-07
  0.2782091E+01  0.3838898E-07
  0.2788371E+01  0.6777981E-07
  0.2794651E+01  0.1552465E-07
  0.2800931E+01  0.9295840E-07
  0.2807211E+01  0.5716207E-07
  0.2813491E+01  0.5119005E-07
  0.2819771E+01  0.6141656E-07
  0.2826052E+01  0.9113208E-07
  0.2832332E+01  0.6817235E-07
  0.2838612E+01  0.6757551E-07
  0.2844892E+01  0.3981764E-07
  0.2851172E+01  0.5182747E-07
  0.2857452E+01  0.5339128E-07
  0.2863732E+01  0.8387846E-07
  0.2870012E+01  0.3258956E-07
  0.2876292E+01  0.6455938E-07
  0.2882573E+01  0.4295852E-07
  0.2888853E+01  0.1817607E-07
  0.2895133E+01  0.1974276E-07
  0.2901413E+01  0.1638352E-07
  0.2907693E+01  0.4616712E-07
  0.2913973E+01  0.4569211E-07
  0.2920253E+01  0.7853320E-07
  0.2926533E+01  0.7341422E-07
  0.2932814E+01  0.6521607E-07
  0.2939094E+01  0.8362426E-07
  0.2945374E+01  0.1379701E-07
  0.2951654E+01  0.7519890E-07
  0.2957934E+01  0.3396707E-07
  0.2964214E+01  0.3940946E-07
  0.2970494E+01  0.8082909E-07
  0.2976774E+01  0.7522455E-07
  0.2983054E+01  0.5916075E-07
  0.2989335E+01  0.3038885E-07
  0.2995615E+01  0.5624368E-07
  0.3001895E+01  0.4827530E-07
  0.3008175E+01  0.1730006E-07
  0.3014455E+01  0.4825096E-07
  0.3020735E+01  0.4324898E-07
  0.3027015E+01  0.3230657E-07
  0.3033295E+01  0.7156442E-07
  0.3039575E+01  0.1037164E-06
  0.3045856E+01  0.5318162E-07
  0.3052136E+01  0.2715753E-07
  0.3058416E+01  0.6047837E-07
  0.3064696E+01  0.8220460E-07
  0.3070976E+01  0.3469399E-07
  0.3077256E+01  0.8541743E-07
  0.3083536E+01  0.4760259E-07
  0.3089816E+01  0.7113750E-07
  0.3096096E+01  0.1970783E-07
  0.3102377E+01  0.3778439E-07
  0.3108657E+01  0.1772437E-07
  0.3114937E+01  0.2385227E-07
  0.3121217E+01  0.5216897E-07
  0.3127497E+01  0.7531470E-07
  0.3133777E+01  0.9698377E-08
  0.3140057E+01  0.7939402E-07
  0.3146337E+01  0.4661617E-07
  0.3152618E+01  0.2249805E-07
  0.3158898E+01  0.5109965E-07
  0.3165178E+01  0.1206623E-07
  0.3171458E+01  0.8023181E-07
  0.3177738E+01  0.5423882E-07
  0.3184018E+01  0.7585618E-07
  0.3190298E+01  0.4462760E-07
  0.3196578E+01  0.9137497E-07
  0.3202858E+01  0.5588582E-07
  0.3209139E+01  0.9741743E-07
  0.3215419E+01  0.5879685E-07
  0.3221699E+01  0.6885396E-07
  0.3227979E+01  0.1976169E-07
  0.3234259E+01  0.6762381E-07
  0.3240539E+01  0.1954434E-07
  0.3246819E+01  0.5370717E-07
  0.3253099E+01  0.9008878E-07
  0.3259379E+01  0.4834466E-07
  0.3265660E+01  0.8879329E-07
  0.3271940E+01  0.1047421E-06
  0.3278220E+01  0.9938346E-08
  0.3284500E+01  0.5522154E-07
  0.3290780E+01  0.7936531E-07
  0.3297060E+01  0.3835723E-07
  0.3303340E+01  0.5328464E-07
  0.3309620E+01  0.7485800E-07
  0.3315900E+01  0.8820415E-07
  0.3322181E+01  0.4723811E-07
  0.3328461E+01  0.1925073E-07
  0.3334741E+01  0.2284007E-07
  0.3341021E+01  0.2252937E-07
  0.3347301E+01  0.1560517E-07
  0.3353581E+01  0.2811422E-07
  0.3359861E+01  0.1235915E-07
  0.3366141E+01  0.1924771E-07
  0.3372422E+01  0.8318123E-07
  0.3378702E+01  0.1737795E-07
  0.3384982E+01  0.3936417E-07
  0.3391262E+01  0.3252208E-07
  0.3397542E+01  0.2497657E-07
  0.3403822E+01  0.3609219E-07
  0.3410102E+01  0.3698152E-07
  0.3416382E+01  0.1477488E-07
  0.3422662E+01  0.5866669E-07
  0.3428943E+01  0.5131451E-07
  0.3435223E+01  0.1123853E-06
  0.3441503E+01  0.1650606E-07
  0.3447783E+01  0.3555929E-07
  0.3454063E+01  0.6144619E-07
  0.3460343E+01  0.3669300E-07
  0.3466623E+01  0.1263953E-07
  0.3472903E+01  0.3085254E-07
  0.3479183E+01  0.5117132E-07
  0.3485464E+01  0.4459245E-07
  0.3491744E+01  0.1927038E-07
  0.3498024E+01  0.2802476E-07
  0.3504304E+01  0.9341442E-07
  0.3510584E+01  0.8165248E-07
  0.3516864E+01  0.3046160E-07
  0.3523144E+01  0.1009150E-06
  0.3529424E+01  0.4730712E-07
  0.3535705E+01  0.3296611E-07
  0.3541985E+01  0.3297361E-07
  0.3548265E+01  0.7302134E-07
  0.3554545E+01  0.1609134E-07
  0.3560825E+01  0.4741775E-07
  0.3567105E+01  0.5373877E-07
  0.3573385E+01  0.9948682E-07
  0.3579665E+01  0.4234918E-07
  0.3585945E+01  0.4065862E-07
  0.3592226E+01  0.3076929E-07
  0.3598506E+01  0.9374892E-07
  0.3604786E+01  0.3561450E-07
  0.3611066E+01  0.4382141E-07
  0.3617346E+01  0.2041169E-07
  0.3623626E+01  0.7156588E-07
  0.3629906E+01  0.6496892E-07
  0.3636186E+01  0.4072705E-07
  0.3642466E+01  0.2770211E-07
  0.3648747E+01  0.5753775E-07
  0.3655027E+01  0.5032573E-07
  0.3661307E+01  0.1531611E-07
  0.3667587E+01  0.4588617E-07
  0.3673867E+01  0.6556411E-07
  0.3680147E+01  0.5633508E-07
  0.3686427E+01  0.3404865E-07
  0.3692707E+01  0.2494656E-07
  0.3698987E+01  0.5238527E-08
  0.3705268E+01  0.8149426E-07
  0.3711548E+01  0.4989355E-07
  0.3717828E+01  0.6904001E-07
  0.3724108E+01  0.6005575E-07
  0.3730388E+01  0.3782240E-08
  0.3736668E+01  0.3158808E-07
  0.3742948E+01  0.6548051E-07
  0.3749228E+01  0.8844759E-07
  0.3755509E+01  0.5596456E-07
  0.3761789E+01  0.5044043E-07
  0.3768069E+01  0.9309750E-08
  0.3774349E+01  0.7401431E-08
  0.3780629E+01  0.5276604E-07
  0.3786909E+01  0.7158992E-07
  0.3793189E+01  0.2703160E-07
  0.3799469E+01  0.7345144E-07
  0.3805749E+01  0.9962541E-07
  0.3812030E+01  0.4603592E-07
  0.3818310E+01  0.9772881E-07
  0.3824590E+01  0.7891243E-07
  0.3830870E+01  0.2037829E-07
  0.3837150E+01  0.2664981E-07
  0.3843430E+01  0.6022894E-07
  0.3849710E+01  0.6378207E-07
  0.3855990E+01  0.8137220E-07
  0.3862270E+01  0.4997426E-07
  0.3868551E+01  0.2301919E-07
  0.3874831E+01  0.4630272E-07
  0.3881111E+01  0.6452214E-07
  0.3887391E+01  0.4209693E-07
  0.3893671E+01  0.1643653E-07
  0.3899951E+01  0.2094561E-07
  0.3906231E+01  0.4487321E-07
  0.3912511E+01  0.7430536E-07
  0.3918791E+01  0.1012541E-07
  0.3925072E+01  0.3826664E-07
  0.3931352E+01  0.5078289E-07
  0.3937632E+01  0.5056850E-07
  0.3943912E+01  0.9276240E-07
  0.3950192E+01  0.7533206E-07
  0.3956472E+01  0.2629697E-07
  0.3962752E+01  0.2141217E-07
  0.3969032E+01  0.4190223E-07
  0.3975313E+01  0.1160909E-07
  0.3981593E+01  0.4736013E-08
  0.3987873E+01  0.2669281E-07
  0.3994153E+01  0.3714259E-07
  0.4000433E+01  0.8299482E-08
  0.4006713E+01  0.5892905E-07
  0.4012993E+01  0.5248740E-07
  0.4019273E+01  0.5527883E-07
  0.4025553E+01  0.2946587E-07
  0.4031834E+01  0.2496814E-07
  0.4038114E+01  0.9052849E-07
  0.4044394E+01  0.5772858E-07
  0.4050674E+01  0.3090035E-07
  0.4056954E+01  0.1010450E-07
  0.4063234E+01  0.2525836E-07
  0.4069514E+01  0.8086204E-07
  0.4075794E+01  0.2950594E-07
  0.4082074E+01  0.2016063E-07
  0.4088355E+01  0.8223644E-07
  0.4094635E+01  0.6284721E-07
  0.4100915E+01  0.4567615E-07
  0.4107195E+01  0.5013328E-07
  0.4113475E+01  0.4051476E-07
  0.4119755E+01  0.4587196E-07
  0.4126035E+01  0.8145768E-07
  0.4132315E+01  0.2598229E-07
  0.4138596E+01  0.5540230E-07
  0.4144876E+01  0.4860686E-07
  0.4151156E+01  0.8225706E-07
  0.4157436E+01  0.2646306E-07
  0.4163716E+01  0.9360186E-07
  0.4169996E+01  0.1787985E-07
  0.4176276E+01  0.9307194E-07
  0.4182556E+01  0.2323874E-07
  0.4188836E+01  0.1049359E-06
  0.4195117E+01  0.2152468E-07
  0.4201397E+01  0.8899781E-07
  0.4207677E+01  0.2334066E-07
  0.4213957E+01  0.2395722E-07
  0.4220237E+01  0.6888157E-07
  0.4226517E+01  0.3770474E-07
  0.4232797E+01  0.6929975E-07
  0.4239077E+01  0.2423558E-07
  0.4245357E+01  0.8140688E-07
  0.4251638E+01  0.3315464E-07
  0.4257918E+01  0.1586898E-07
  0.4264198E+01  0.2795418E-07
  0.4270478E+01  0.2137072E-07
  0.4276758E+01  0.5466972E-07
  0.4283038E+01  0.5874327E-07
  0.4289318E+01  0.1180612E-07
  0.4295598E+01  0.7684885E-07
  0.4301878E+01  0.9949668E-07
  0.4308159E+01  0.2273613E-07
  0.4314439E+01  0.4656333E-07
  0.4320719E+01  0.3428703E-07
  0.4326999E+01  0.9860458E-07
  0.4333279E+01  0.3282778E-07
  0.4339559E+01  0.5142814E-07
  0.4345839E+01  0.2024686E-07
  0.4352119E+01  0.4486999E-07
  0.4358400E+01  0.5753484E-07
  0.4364680E+01  0.1016230E-06
  0.4370960E+01  0.3595033E-07
  0.4377240E+01  0.4752293E-07
  0.4383520E+01  0.1130322E-06
  0.4389800E+01  0.6811246E-08
  0.4396080E+01  0.6589148E-07
  0.4402360E+01  0.3534997E-07
  0.4408640E+01  0.3478608E-07
  0.4414921E+01  0.4044605E-07
  0.4421201E+01  0.3491404E-07
  0.4427481E+01  0.1306003E-07
  0.4433761E+01  0.5426441E-07
  0.4440041E+01  0.2836123E-07
  0.4446321E+01  0.3753173E-07
  0.4452601E+01  0.1607871E-07
  0.4458881E+01  0.7805208E-08
  0.4465161E+01  0.6039634E-07
  0.4471442E+01  0.5117263E-07
  0.4477722E+01  0.3733115E-08
  0.4484002E+01  0.5319278E-07
  0.4490282E+01  0.1859005E-07
  0.4496562E+01  0.2803425E-07
  0.4502842E+01  0.3955359E-07
  0.4509122E+01  0.4957712E-07
  0.4515402E+01  0.7555419E-07
  0.4521682E+01  0.3901923E-07
  0.4527963E+01  0.6000037E-07
  0.4534243E+01  0.1285309E-07
  0.4540523E+01  0.2601106E-07
  0.4546803E+01  0.8351253E-07
  0.4553083E+01  0.5661403E-07
  0.4559363E+01  0.5109190E-07
  0.4565643E+01  0.7928938E-07
  0.4571923E+01  0.1718913E-07
  0.4578204E+01  0.5685604E-07
  0.4584484E+01  0.5085509E-07
  0.4590764E+01  0.3183120E-07
  0.4597044E+01  0.4948818E-07
  0.4603324E+01  0.3894732E-07
  0.4609604E+01  0.4758259E-07
  0.4615884E+01  0.3371398E-07
  0.4622164E+01  0.2355790E-07
  0.4628444E+01  0.1386632E-07
  0.4634725E+01  0.2942906E-07
  0.4641005E+01  0.2337445E-07
  0.4647285E+01  0.5483705E-07
  0.4653565E+01  0.6463078E-07
  0.4659845E+01  0.9590723E-07
  0.4666125E+01  0.6416720E-07
  0.4672405E+01  0.1889429E-07
  0.4678685E+01  0.2298797E-07
  0.4684965E+01  0.1010410E-06
  0.4691246E+01  0.5977822E-07
  0.4697526E+01  0.4148764E-07
  0.4703806E+01  0.1032147E-06
  0.4710086E+01  0.5698184E-07
  0.4716366E+01  0.8053077E-07
  0.4722646E+01  0.9526167E-07
  0.4728926E+01  0.4392147E-07
  0.4735206E+01  0.2422288E-07
  0.4741487E+01  0.8420234E-07
  0.4747767E+01  0.1053369E-06
  0.4754047E+01  0.2052779E-07
  0.4760327E+01  0.4915014E-07
  0.4766607E+01  0.2928073E-07
  0.4772887E+01  0.7063087E-07
  0.4779167E+01  0.6340874E-07
  0.4785447E+01  0.4320413E-07
  0.4791727E+01  0.4304079E-07
  0.4798008E+01  0.2886644E-07
  0.4804288E+01  0.6101983E-07
  0.4810568E+01  0.9011553E-07
  0.4816848E+01  0.7790694E-07
  0.4823128E+01  0.4653643E-07
  0.4829408E+01  0.3650398E-07
  0.4835688E+01  0.3527664E-07
  0.4841968E+01  0.4034981E-07
  0.4848248E+01  0.5470499E-07
  0.4854529E+01  0.4049487E-07
  0.4860809E+01  0.3651640E-07
  0.4867089E+01  0.4959841E-07
  0.4873369E+01  0.1690568E-07
  0.4879649E+01  0.4585556E-07
  0.4885929E+01  0.8198793E-07
  0.4892209E+01  0.5215542E-07
  0.4898489E+01  0.7114333E-07
  0.4904769E+01  0.2117007E-07
  0.4911050E+01  0.2191041E-07
  0.4917330E+01  0.3814351E-07
  0.4923610E+01  0.2083720E-07
  0.4929890E+01  0.1183126E-07
  0.4936170E+01  0.3355547E-07
  0.4942450E+01  0.9537899E-07
  0.4948730E+01  0.3967721E-07
  0.4955010E+01  0.1013972E-06
  0.4961291E+01  0.1100237E-06
  0.4967571E+01  0.6863057E-07
  0.4973851E+01  0.2050294E-07
  0.4980131E+01  0.4636786E-07
  0.4986411E+01  0.8436482E-07
  0.4992691E+01  0.8487483E-07
  0.4998971E+01  0.7747907E-07
  0.5005251E+01  0.2309042E-07
  0.5011531E+01  0.7113252E-07
  0.5017812E+01  0.1329282E-07
  0.5024092E+01  0.1265166E-06
  0.5030372E+01  0.2347360E-07
  0.5036652E+01  0.1028408E-06
  0.5042932E+01  0.2503320E-07
  0.5049212E+01  0.5103625E-07
  0.5055492E+01  0.2749976E-07
  0.5061772E+01  0.8425044E-07
  0.5068052E+01  0.6264945E-07
  0.5074333E+01  0.3391782E-07
  0.5080613E+01  0.7720670E-07
  0.5086893E+01  0.5480252E-07
  0.5093173E+01  0.8702956E-07
  0.5099453E+01  0.6317611E-07
  0.5105733E+01  0.5823385E-07
  0.5112013E+01  0.2318298E-07
  0.5118293E+01  0.7148326E-07
  0.5124573E+01  0.6654996E-07
  0.5130854E+01  0.1424927E-06
  0.5137134E+01  0.1005886E-06
  0.5143414E+01  0.1351552E-07
  0.5149694E+01  0.2569094E-07
  0.5155974E+01  0.4004963E-07
  0.5162254E+01  0.1064376E-07
  0.5168534E+01  0.2617329E-07
  0.5174814E+01  0.1129103E-07
  0.5181095E+01  0.4863190E-07
  0.5187375E+01  0.6161103E-07
  0.5193655E+01  0.2182729E-07
  0.5199935E+01  0.2698658E-07
  0.5206215E+01  0.6861117E-07
  0.5212495E+01  0.3191808E-07
  0.5218775E+01  0.1001278E-06
  0.5225055E+01  0.1331197E-07
  0.5231335E+01  0.3956713E-07
  0.5237616E+01  0.1169835E-06
  0.5243896E+01  0.6864211E-07
  0.5250176E+01  0.3117576E-07
  0.5256456E+01  0.2413225E-07
  0.5262736E+01  0.3083397E-07
  0.5269016E+01  0.3455235E-07
  0.5275296E+01  0.6319928E-07
  0.5281576E+01  0.1153823E-07
  0.5287856E+01  0.8429365E-07
  0.5294137E+01  0.2623944E-07
  0.5300417E+01  0.4741834E-07
  0.5306697E+01  0.6419970E-07
  0.5312977E+01  0.6668293E-07
  0.5319257E+01  0.4117537E-07
  0.5325537E+01  0.8828770E-07
  0.5331817E+01  0.9244763E-07
  0.5338097E+01  0.3654127E-07
  0.5344378E+01  0.6286801E-07
  0.5350658E+01  0.6026732E-07
  0.5356938E+01  0.8468751E-07
  0.5363218E+01  0.8157616E-07
  0.5369498E+01  0.2582474E-07
  0.5375778E+01  0.3077384E-07
  0.5382058E+01  0.5101810E-07
  0.5388338E+01  0.2519215E-07
  0.5394618E+01  0.1650917E-07
  0.5400899E+01  0.6131499E-07
  0.5407179E+01  0.5086786E-07
  0.5413459E+01  0.1659498E-07
  0.5419739E+01  0.3355931E-07
  0.5426019E+01  0.2722970E-07
  0.5432299E+01  0.8148184E-07
  0.5438579E+01  0.4575928E-07
  0.5444859E+01  0.3792830E-07
  0.5451139E+01  0.3366697E-07
  0.5457420E+01  0.1854675E-07
  0.5463700E+01  0.1060780E-06
  0.5469980E+01  0.6576546E-07
  0.5476260E+01  0.2470277E-07
  0.5482540E+01  0.4244425E-07
  0.5488820E+01  0.9093502E-07
  0.5495100E+01  0.5656223E-07
  0.5501380E+01  0.7353163E-08
  0.5507660E+01  0.4643408E-07
  0.5513941E+01  0.8600064E-07
  0.5520221E+01  0.8175327E-08
  0.5526501E+01  0.2110278E-07
  0.5532781E+01  0.8932657E-07
  0.5539061E+01  0.7273966E-07
  0.5545341E+01  0.1312282E-06
  0.5551621E+01  0.4410811E-07
  0.5557901E+01  0.4350668E-07
  0.5564182E+01  0.4019095E-07
  0.5570462E+01  0.4427708E-07
  0.5576742E+01  0.1144689E-07
  0.5583022E+01  0.2406260E-07
  0.5589302E+01  0.3927561E-07
  0.5595582E+01  0.2383574E-07
  0.5601862E+01  0.8721086E-07
  0.5608142E+01  0.5653600E-07
  0.5614422E+01  0.6002910E-07
  0.5620703E+01  0.4499982E-07
  0.5626983E+01  0.7896700E-07
  0.5633263E+01  0.2162645E-07
  0.5639543E+01  0.7935719E-07
  0.5645823E+01  0.8927123E-07
  0.5652103E+01  0.9465374E-08
  0.5658383E+01  0.7755083E-07
  0.5664663E+01  0.4321097E-07
  0.5670943E+01  0.4555553E-07
  0.5677224E+01  0.5027260E-07
  0.5683504E+01  0.3868582E-07
  0.5689784E+01  0.8399346E-07
  0.5696064E+01  0.5537266E-07
  0.5702344E+01  0.3233958E-07
  0.5708624E+01  0.3443634E-07
  0.5714904E+01  0.5641820E-07
  0.5721184E+01  0.3802444E-07
  0.5727464E+01  0.5951227E-07
  0.5733745E+01  0.8912951E-07
  0.5740025E+01  0.6139268E-07
  0.5746305E+01  0.4932901E-07
  0.5752585E+01  0.6740334E-07
  0.5758865E+01  0.5442697E-07
  0.5765145E+01  0.4853312E-07
  0.5771425E+01  0.5295168E-07
  0.5777705E+01  0.4044989E-07
  0.5783986E+01  0.6243103E-07
  0.5790266E+01  0.4593221E-07
  0.5796546E+01  0.4288245E-07
  0.5802826E+01  0.4064648E-07
  0.5809106E+01  0.9590225E-08
  0.5815386E+01  0.3788841E-07
  0.5821666E+01  0.6304964E-07
  0.5827946E+01  0.6366542E-07
  0.5834226E+01  0.1191745E-07
  0.5840507E+01  0.5565593E-07
  0.5846787E+01  0.2655112E-07
  0.5853067E+01  0.4826885E-07
  0.5859347E+01  0.1952883E-07
  0.5865627E+01  0.4542907E-07
  0.5871907E+01  0.9401236E-08
  0.5878187E+01  0.9756455E-07
  0.5884467E+01  0.8878398E-07
  0.5890747E+01  0.3954492E-07
  0.5897028E+01  0.5844744E-07
  0.5903308E+01  0.8170526E-07
  0.5909588E+01  0.1777394E-07
  0.5915868E+01  0.9316297E-07
  0.5922148E+01  0.4718271E-07
  0.5928428E+01  0.3125127E-07
  0.5934708E+01  0.3379203E-07
  0.5940988E+01  0.5660518E-07
  0.5947269E+01  0.7065859E-07
  0.5953549E+01  0.3444630E-07
  0.5959829E+01  0.4789484E-07
  0.5966109E+01  0.6243413E-07
  0.5972389E+01  0.8396675E-07
  0.5978669E+01  0.4142624E-07
  0.5984949E+01  0.5710629E-07
  0.5991229E+01  0.4694807E-07
  0.5997509E+01  0.6991848E-07
  0.6003790E+01  0.2142950E-07
  0.6010070E+01  0.2164665E-07
  0.6016350E+01  0.1419764E-07
  0.6022630E+01  0.5202624E-07
  0.6028910E+01  0.7889726E-07
  0.6035190E+01  0.5524236E-07
  0.6041470E+01  0.8132634E-07
  0.6047750E+01  0.1157310E-06
  0.6054030E+01  0.9336671E-07
  0.6060311E+01  0.6099314E-07
  0.6066591E+01  0.2505059E-07
  0.6072871E+01  0.2059655E-07
  0.6079151E+01  0.5000044E-07
  0.6085431E+01  0.1062216E-06
  0.6091711E+01  0.7473984E-07
  0.6097991E+01  0.6362219E-07
  0.6104271E+01  0.6894268E-07
  0.6110551E+01  0.4638935E-07
  0.6116832E+01  0.8157517E-07
  0.6123112E+01  0.6649333E-07
  0.6129392E+01  0.3945119E-07
  0.6135672E+01  0.7386021E-07
  0.6141952E+01  0.7147210E-07
  0.6148232E+01  0.3027211E-07
  0.6154512E+01  0.5290423E-07
  0.6160792E+01  0.9015644E-07
  0.6167073E+01  0.3389745E-07
  0.6173353E+01  0.3541185E-07
  0.6179633E+01  0.2567499E-07
  0.6185913E+01  0.1155409E-06
  0.6192193E+01  0.3863438E-07
  0.6198473E+01  0.2088377E-07
  0.6204753E+01  0.3018541E-07
  0.6211033E+01  0.5798517E-07
  0.6217313E+01  0.8307288E-07
  0.6223594E+01  0.5465118E-07
  0.6229874E+01  0.4421900E-07
  0.6236154E+01  0.1174961E-06
  0.6242434E+01  0.4748062E-07
  0.6248714E+01  0.1187037E-06
  0.6254994E+01  0.9542749E-07
  0.6261274E+01  0.9381390E-07
  0.6267554E+01  0.8340049E-07
  0.6273834E+01  0.5929431E-07
  0.6280115E+01  0.1489387E-07
  0.6286395E+01  0.5102713E-07
  0.6292675E+01  0.1304418E-07
  0.6298955E+01  0.3501304E-07
  0.6305235E+01  0.7458659E-07
  0.6311515E+01  0.9456473E-08
  0.6317795E+01  0.4764404E-07
  0.6324075E+01  0.3848505E-07
  0.6330355E+01  0.5725263E-08
  0.6336636E+01  0.3020209E-07
  0.6342916E+01  0.4472376E-07
  0.6349196E+01  0.4874672E-07
  0.6355476E+01  0.7270189E-07
  0.6361756E+01  0.1033359E-06
  0.6368036E+01  0.2609352E-07
  0.6374316E+01  0.4042910E-07
  0.6380596E+01  0.5189622E-07
  0.6386877E+01  0.4513981E-07
  0.6393157E+01  0.7116495E-07
  0.6399437E+01  0.6207186E-07
  0.6405717E+01  0.6561544E-07
  0.6411997E+01  0.6944380E-07
  0.6418277E+01  0.9754868E-07
  0.6424557E+01  0.6531847E-07


