# Real Numerical Function
# Tue Sep 23 09:37:57 2014
  0.1079997E+00  0.2689266E-01
  0.1109997E+00  0.2459913E-01
  0.1139997E+00  0.2219341E-01
  0.1169997E+00  0.1976503E-01
  0.1199997E+00  0.1846997E-01
  0.1229997E+00  0.1666372E-01
  0.1259997E+00  0.1678398E-01
  0.1289997E+00  0.1543711E-01
  0.1319997E+00  0.1378321E-01
  0.1349997E+00  0.1167486E-01
  0.1379997E+00  0.1239661E-01
  0.1409997E+00  0.1186857E-01
  0.1439997E+00  0.1166587E-01
  0.1469997E+00  0.1106632E-01
  0.1499996E+00  0.1041321E-01
  0.1529996E+00  0.1129469E-01
  0.1559996E+00  0.9285226E-02
  0.1589996E+00  0.2017122E-02
  0.1619996E+00  0.4036979E-02
  0.1649996E+00  0.8423720E-02
  0.1679996E+00  0.1191319E-01
  0.1709996E+00  0.2219540E-01
  0.1739996E+00  0.3285936E-01
  0.1769996E+00  0.4435280E-01
  0.1799996E+00  0.1512124E+00
  0.1829996E+00  0.2982378E-01
  0.1859996E+00  0.2451905E-01
  0.1889996E+00  0.2452454E-01
  0.1919996E+00  0.8894660E-02
  0.1949995E+00  0.1293375E-01
  0.1979995E+00  0.1487909E-01
  0.2009995E+00  0.1323149E-01
  0.2039995E+00  0.5781749E-02
  0.2069995E+00  0.3704014E-02
  0.2099995E+00  0.8261857E-02
  0.2129995E+00  0.8025851E-02
  0.2159995E+00  0.4584564E-02
  0.2189995E+00  0.1538091E-02
  0.2219995E+00  0.2973757E-02
  0.2249995E+00  0.4521382E-02
  0.2279995E+00  0.3652537E-02
  0.2309995E+00  0.1676088E-02
  0.2339995E+00  0.1677742E-02
  0.2369994E+00  0.1220587E-02
  0.2399994E+00  0.2417052E-02
  0.2429994E+00  0.4291937E-02
  0.2459994E+00  0.3628581E-02
  0.2489994E+00  0.3361711E-02
  0.2519994E+00  0.4826823E-02
  0.2549994E+00  0.8114124E-02
  0.2579994E+00  0.6007190E-02
  0.2609994E+00  0.5077196E-02
  0.2639994E+00  0.5361140E-02
  0.2669994E+00  0.7739345E-02
  0.2699994E+00  0.2143219E-02
  0.2729994E+00  0.3024522E-02
  0.2759994E+00  0.9658863E-02
  0.2789993E+00  0.1369950E-01
  0.2819993E+00  0.2056137E-01
  0.2849993E+00  0.2744800E-01
  0.2879993E+00  0.3541298E-01
  0.2909993E+00  0.4708558E-01
  0.2939993E+00  0.8098234E-01
  0.2969993E+00  0.1276222E+00
  0.2999993E+00  0.5004799E+00
  0.3029993E+00  0.9622527E-01
  0.3059993E+00  0.6481495E-01
  0.3089993E+00  0.6063555E-01
  0.3119993E+00  0.7614626E-01
  0.3149993E+00  0.2738638E-01
  0.3179993E+00  0.1659140E-01
  0.3209992E+00  0.3665635E-01
  0.3239992E+00  0.2472392E-01
  0.3269992E+00  0.3222436E-01
  0.3299992E+00  0.8828730E-02
  0.3329992E+00  0.8958836E-02
  0.3359992E+00  0.1397869E-01
  0.3389992E+00  0.1108421E-01
  0.3419992E+00  0.4455150E-02
  0.3449992E+00  0.4833989E-02
  0.3479992E+00  0.1521855E-01
  0.3509992E+00  0.4346363E-02
  0.3539992E+00  0.4220445E-02
  0.3569992E+00  0.4599860E-02
  0.3599992E+00  0.6667663E-03
  0.3629992E+00  0.8874358E-02
  0.3659991E+00  0.1297759E-01
  0.3689991E+00  0.8653417E-02
  0.3719991E+00  0.5994863E-02
  0.3749991E+00  0.1474975E-01
  0.3779991E+00  0.9986536E-02
  0.3809991E+00  0.2413326E-02
  0.3839991E+00  0.6219604E-02
  0.3869991E+00  0.6455287E-02
  0.3899991E+00  0.1191930E-01
  0.3929991E+00  0.2117000E-01
  0.3959991E+00  0.2194983E-01
  0.3989991E+00  0.6683159E-02
  0.4019991E+00  0.7725199E-02
  0.4049991E+00  0.1206847E-01
  0.4079990E+00  0.1467252E-01
  0.4109990E+00  0.2153473E-01
  0.4139990E+00  0.3417486E-01
  0.4169990E+00  0.4047533E-01
  0.4199990E+00  0.1668292E+00
  0.4229990E+00  0.5947060E-01
  0.4259990E+00  0.4981058E-01
  0.4289990E+00  0.5164521E-01
  0.4319990E+00  0.6182116E-01
  0.4349990E+00  0.3298883E-01
  0.4379990E+00  0.2555086E-01
  0.4409990E+00  0.3258077E-01
  0.4439990E+00  0.2096196E-01
  0.4469990E+00  0.3517188E-01
  0.4499989E+00  0.2036207E-01
  0.4529989E+00  0.1597731E-01
  0.4559989E+00  0.8909956E-02
  0.4589989E+00  0.8921339E-02
  0.4619989E+00  0.8224650E-02
  0.4649989E+00  0.4460733E-02
  0.4679989E+00  0.7069208E-02
  0.4709989E+00  0.5299543E-02
  0.4739989E+00  0.6553115E-03
  0.4769989E+00  0.4040236E-02
  0.4799989E+00  0.4583786E-02
  0.4829989E+00  0.2320159E-02
  0.4859989E+00  0.1155113E-01
  0.4889989E+00  0.1238995E-01
  0.4919988E+00  0.9162459E-02
  0.4949988E+00  0.1488636E-01
  0.4979988E+00  0.1421094E-01
  0.5009988E+00  0.7915719E-02
  0.5039988E+00  0.1137638E-01
  0.5069988E+00  0.1396449E-01
  0.5099988E+00  0.4332232E-02
  0.5129988E+00  0.1112871E-01
  0.5159988E+00  0.2050200E-01
  0.5189988E+00  0.8899342E-02
  0.5219988E+00  0.1727671E-01
  0.5249988E+00  0.2686997E-01
  0.5279988E+00  0.3570783E-01
  0.5309988E+00  0.4588585E-01
  0.5339988E+00  0.1036480E+00
  0.5369987E+00  0.1740706E+00
  0.5399987E+00  0.7135255E+00
  0.5429987E+00  0.1764917E+00
  0.5459987E+00  0.1365059E+00
  0.5489987E+00  0.1280795E+00
  0.5519987E+00  0.1050989E+00
  0.5549987E+00  0.2850208E-01
  0.5579987E+00  0.2136403E-01
  0.5609987E+00  0.4197524E-01
  0.5639987E+00  0.1919228E-01
  0.5669987E+00  0.5679912E-01
  0.5699987E+00  0.1574587E-01
  0.5729987E+00  0.1494923E-01
  0.5759987E+00  0.1755820E-01
  0.5789986E+00  0.1807491E-01
  0.5819986E+00  0.1245243E-01
  0.5849986E+00  0.2671248E-02
  0.5879986E+00  0.1451005E-01
  0.5909986E+00  0.4483760E-02
  0.5939986E+00  0.4917178E-02
  0.5969986E+00  0.9760787E-02
  0.5999986E+00  0.1000342E-01
  0.6029986E+00  0.5615229E-02
  0.6059986E+00  0.1034746E-01
  0.6089986E+00  0.8116260E-02
  0.6119986E+00  0.2002431E-02
  0.6149986E+00  0.1587847E-01
  0.6179986E+00  0.9719955E-02
  0.6209985E+00  0.6061244E-02
  0.6239985E+00  0.1670359E-01
  0.6269985E+00  0.2552516E-02
  0.6299985E+00  0.1468345E-01
  0.6329985E+00  0.1949920E-01
  0.6359985E+00  0.1963411E-01
  0.6389985E+00  0.5537813E-02
  0.6419985E+00  0.1208746E-01
  0.6449985E+00  0.2084143E-01
  0.6479985E+00  0.3226476E-01
  0.6509985E+00  0.5442659E-01
  0.6539985E+00  0.1046973E+00
  0.6569985E+00  0.1525534E+00
  0.6599985E+00  0.5344046E+00
  0.6629984E+00  0.1315578E+00
  0.6659984E+00  0.1023794E+00
  0.6689984E+00  0.9150101E-01
  0.6719984E+00  0.5732844E-01
  0.6749984E+00  0.1078700E-01
  0.6779984E+00  0.1372160E-01
  0.6809984E+00  0.2697613E-01
  0.6839984E+00  0.1857739E-01
  0.6869984E+00  0.3679682E-01
  0.6899984E+00  0.1476446E-01
  0.6929984E+00  0.1867668E-01
  0.6959984E+00  0.1676670E-01
  0.6989984E+00  0.1295652E-01
  0.7019984E+00  0.6854306E-02
  0.7049984E+00  0.1255974E-02
  0.7079983E+00  0.7553238E-02
  0.7109983E+00  0.4304709E-02
  0.7139983E+00  0.6663570E-02
  0.7169983E+00  0.7404793E-02
  0.7199983E+00  0.6153092E-02
  0.7229983E+00  0.3147398E-02
  0.7259983E+00  0.3640464E-02
  0.7289983E+00  0.1939825E-02
  0.7319983E+00  0.3959179E-02
  0.7349983E+00  0.1019746E-01
  0.7379983E+00  0.5068004E-02
  0.7409983E+00  0.2430056E-02
  0.7439983E+00  0.5366943E-02
  0.7469983E+00  0.6399513E-02
  0.7499982E+00  0.6433126E-02
  0.7529982E+00  0.9339796E-02
  0.7559982E+00  0.4282164E-02
  0.7589982E+00  0.4471644E-03
  0.7619982E+00  0.1970056E-02
  0.7649982E+00  0.5629119E-02
  0.7679982E+00  0.1171505E-01
  0.7709982E+00  0.2549526E-01
  0.7739982E+00  0.3850306E-01
  0.7769982E+00  0.4884815E-01
  0.7799982E+00  0.1484592E+00
  0.7829982E+00  0.2804485E-01
  0.7859982E+00  0.1823338E-01
  0.7889982E+00  0.8809049E-02
  0.7919981E+00  0.1084992E-01
  0.7949981E+00  0.8200056E-02
  0.7979981E+00  0.3358160E-02
  0.8009981E+00  0.4150911E-02
  0.8039981E+00  0.3093167E-02
  0.8069981E+00  0.1760380E-02
  0.8099981E+00  0.2485710E-02
  0.8129981E+00  0.4137381E-02
  0.8159981E+00  0.4207405E-02
  0.8189981E+00  0.2916661E-02
  0.8219981E+00  0.2020538E-02
  0.8249981E+00  0.1695549E-02
  0.8279981E+00  0.2111338E-02
  0.8309981E+00  0.7824080E-03
  0.8339980E+00  0.2514714E-02
  0.8369980E+00  0.3976914E-02
  0.8399980E+00  0.4737194E-02
  0.8429980E+00  0.3067598E-02
  0.8459980E+00  0.1458072E-02
  0.8489980E+00  0.2755182E-02
  0.8519980E+00  0.1178922E-02
  0.8549980E+00  0.4032173E-02
  0.8579980E+00  0.3659158E-02
  0.8609980E+00  0.4285031E-02
  0.8639980E+00  0.7715382E-02
  0.8669980E+00  0.3157708E-02
  0.8699980E+00  0.6718720E-02
  0.8729980E+00  0.6830558E-02
  0.8759980E+00  0.4196657E-02
  0.8789979E+00  0.4387211E-02
  0.8819979E+00  0.1018414E-01
  0.8849979E+00  0.1482068E-01
  0.8879979E+00  0.1950969E-01
  0.8909979E+00  0.2952732E-01
  0.8939979E+00  0.6671858E-01
  0.8969979E+00  0.1085230E+00
  0.8999979E+00  0.4347318E+00
  0.9029979E+00  0.1185810E+00
  0.9059979E+00  0.9732790E-01
  0.9089979E+00  0.9187881E-01
  0.9119979E+00  0.6057355E-01
  0.9149979E+00  0.1413315E-01
  0.9179979E+00  0.9947282E-02
  0.9209978E+00  0.1141928E-01
  0.9239978E+00  0.2942347E-01
  0.9269978E+00  0.3190157E-01
  0.9299978E+00  0.1123963E-01
  0.9329978E+00  0.1772067E-01
  0.9359978E+00  0.1820304E-01
  0.9389978E+00  0.1580727E-01
  0.9419978E+00  0.1027179E-01
  0.9449978E+00  0.3972590E-02
  0.9479978E+00  0.1027183E-01
  0.9509978E+00  0.6674065E-02
  0.9539978E+00  0.1074913E-01
  0.9569978E+00  0.1471254E-01
  0.9599978E+00  0.1590517E-01
  0.9629977E+00  0.1128246E-01
  0.9659977E+00  0.2612047E-02
  0.9689977E+00  0.4960451E-02
  0.9719977E+00  0.3722765E-02
  0.9749977E+00  0.9021911E-02
  0.9779977E+00  0.5354858E-02
  0.9809977E+00  0.5401989E-02
  0.9839977E+00  0.1098979E-01
  0.9869977E+00  0.5729620E-02
  0.9899977E+00  0.1046666E-01
  0.9929977E+00  0.1242128E-01
  0.9959977E+00  0.7050431E-02
  0.9989977E+00  0.1515833E-01
  0.1001998E+01  0.1666536E-01
  0.1004998E+01  0.1591051E-01
  0.1007998E+01  0.1257280E-01
  0.1010998E+01  0.2112076E-01
  0.1013998E+01  0.6556713E-01
  0.1016998E+01  0.1030386E+00
  0.1019998E+01  0.3710034E+00
  0.1022998E+01  0.1056745E+00
  0.1025998E+01  0.8327998E-01
  0.1028998E+01  0.7416490E-01
  0.1031998E+01  0.5231188E-01
  0.1034998E+01  0.2089442E-01
  0.1037998E+01  0.1009935E-01
  0.1040998E+01  0.5750789E-02
  0.1043998E+01  0.2659130E-01
  0.1046998E+01  0.2140197E-01
  0.1049998E+01  0.9422505E-02
  0.1052998E+01  0.1684066E-01
  0.1055998E+01  0.1453476E-01
  0.1058998E+01  0.1013691E-01
  0.1061998E+01  0.5337872E-02
  0.1064998E+01  0.6178772E-03
  0.1067998E+01  0.4278296E-02
  0.1070997E+01  0.5293423E-02
  0.1073997E+01  0.6367165E-02
  0.1076997E+01  0.7074836E-02
  0.1079997E+01  0.6999850E-02
  0.1082997E+01  0.5906828E-02
  0.1085997E+01  0.4345222E-02
  0.1088997E+01  0.3762957E-02
  0.1091997E+01  0.3004380E-02
  0.1094997E+01  0.1767964E-02
  0.1097997E+01  0.2687153E-02
  0.1100997E+01  0.2885694E-02
  0.1103997E+01  0.1941200E-02
  0.1106997E+01  0.4476885E-02
  0.1109997E+01  0.1964570E-02
  0.1112997E+01  0.2737328E-02
  0.1115997E+01  0.5654354E-02
  0.1118997E+01  0.7081916E-02
  0.1121997E+01  0.7880401E-02
  0.1124997E+01  0.7816029E-02
  0.1127997E+01  0.5572103E-02
  0.1130997E+01  0.2785065E-02
  0.1133997E+01  0.8759353E-02
  0.1136997E+01  0.1662444E-01
  0.1139997E+01  0.1073556E+00
  0.1142997E+01  0.4124708E-01
  0.1145997E+01  0.3760574E-01
  0.1148997E+01  0.4431301E-01
  0.1151997E+01  0.4652823E-01
  0.1154997E+01  0.1247810E-01
  0.1157997E+01  0.4600817E-02
  0.1160997E+01  0.1118040E-01
  0.1163997E+01  0.2764186E-01
  0.1166997E+01  0.1244611E-01
  0.1169997E+01  0.1112236E-01
  0.1172997E+01  0.1043061E-01
  0.1175997E+01  0.8499532E-02
  0.1178997E+01  0.6680738E-02
  0.1181997E+01  0.5060820E-02
  0.1184997E+01  0.2652917E-02
  0.1187997E+01  0.4829054E-02
  0.1190997E+01  0.9324770E-02
  0.1193997E+01  0.9888573E-02
  0.1196997E+01  0.1061361E-01
  0.1199997E+01  0.1202540E-01
  0.1202997E+01  0.1433669E-01
  0.1205997E+01  0.1089112E-01
  0.1208997E+01  0.5811517E-02
  0.1211997E+01  0.1228571E-02
  0.1214997E+01  0.4139420E-02
  0.1217997E+01  0.3860901E-02
  0.1220997E+01  0.1623844E-02
  0.1223997E+01  0.2293946E-02
  0.1226997E+01  0.3175454E-02
  0.1229997E+01  0.3410976E-02
  0.1232997E+01  0.7974377E-02
  0.1235997E+01  0.2661040E-01
  0.1238997E+01  0.2799953E-01
  0.1241997E+01  0.2332291E-01
  0.1244997E+01  0.2551379E-01
  0.1247997E+01  0.3804177E-01
  0.1250997E+01  0.6467663E-01
  0.1253997E+01  0.9022955E-01
  0.1256997E+01  0.9874513E-01
  0.1259997E+01  0.2201009E+00
  0.1262997E+01  0.2254218E-01
  0.1265997E+01  0.1180047E-01
  0.1268997E+01  0.7536036E-02
  0.1271997E+01  0.2362966E-01
  0.1274997E+01  0.1181685E-01
  0.1277997E+01  0.2336692E-02
  0.1280997E+01  0.4974627E-02
  0.1283997E+01  0.8976632E-02
  0.1286997E+01  0.1294263E-01
  0.1289997E+01  0.5994258E-02
  0.1292997E+01  0.9358052E-02
  0.1295997E+01  0.6142031E-02
  0.1298997E+01  0.5589584E-02
  0.1301997E+01  0.7324084E-02
  0.1304997E+01  0.9802377E-02
  0.1307997E+01  0.1092441E-01
  0.1310997E+01  0.3669434E-02
  0.1313997E+01  0.1810804E-02
  0.1316997E+01  0.1677654E-02
  0.1319997E+01  0.2484051E-02
  0.1322997E+01  0.2100708E-02
  0.1325997E+01  0.1832886E-02
  0.1328997E+01  0.3273164E-02
  0.1331997E+01  0.3007081E-02
  0.1334997E+01  0.1262842E-02
  0.1337997E+01  0.2699736E-02
  0.1340997E+01  0.2543753E-02
  0.1343997E+01  0.3388738E-02
  0.1346997E+01  0.4478981E-02
  0.1349997E+01  0.2683077E-02
  0.1352997E+01  0.1268326E-02
  0.1355997E+01  0.1159360E-01
  0.1358997E+01  0.1229447E-01
  0.1361997E+01  0.7618907E-02
  0.1364997E+01  0.5097822E-03
  0.1367997E+01  0.1183782E-01
  0.1370997E+01  0.4305407E-01
  0.1373997E+01  0.8920264E-01
  0.1376997E+01  0.1277091E+00
  0.1379997E+01  0.4342437E+00
  0.1382997E+01  0.1021526E+00
  0.1385997E+01  0.7904262E-01
  0.1388997E+01  0.7067106E-01
  0.1391997E+01  0.3952401E-01
  0.1394997E+01  0.7465615E-02
  0.1397997E+01  0.9220298E-02
  0.1400997E+01  0.2845313E-02
  0.1403997E+01  0.1067585E-01
  0.1406997E+01  0.1145073E-01
  0.1409997E+01  0.1522344E-01
  0.1412997E+01  0.1831849E-01
  0.1415997E+01  0.1217923E-01
  0.1418997E+01  0.5558828E-02
  0.1421997E+01  0.7453404E-02
  0.1424997E+01  0.1715190E-01
  0.1427997E+01  0.2602476E-01
  0.1430997E+01  0.7290991E-02
  0.1433997E+01  0.3576181E-02
  0.1436997E+01  0.6656245E-02
  0.1439997E+01  0.6407062E-02
  0.1442997E+01  0.2091740E-02
  0.1445997E+01  0.6325416E-02
  0.1448997E+01  0.6943777E-02
  0.1451997E+01  0.4403721E-02
  0.1454997E+01  0.1737654E-02
  0.1457997E+01  0.4715552E-02
  0.1460997E+01  0.4607110E-02
  0.1463997E+01  0.4589556E-02
  0.1466997E+01  0.6807697E-02
  0.1469997E+01  0.3516056E-02
  0.1472997E+01  0.1218785E-02
  0.1475997E+01  0.8066493E-02
  0.1478997E+01  0.7207384E-02
  0.1481997E+01  0.3781296E-02
  0.1484997E+01  0.4569966E-02
  0.1487997E+01  0.9008870E-02
  0.1490997E+01  0.1784725E-01
  0.1493997E+01  0.3295929E-01
  0.1496996E+01  0.4655211E-01
  0.1499996E+01  0.1732568E+00
  0.1502996E+01  0.3618683E-01
  0.1505996E+01  0.2540621E-01
  0.1508996E+01  0.1926739E-01
  0.1511996E+01  0.2073393E-02
  0.1514996E+01  0.8102282E-02
  0.1517996E+01  0.4865456E-02
  0.1520996E+01  0.2894392E-02
  0.1523996E+01  0.1027913E-01
  0.1526996E+01  0.8209357E-02
  0.1529996E+01  0.5782334E-02
  0.1532996E+01  0.3950984E-02
  0.1535996E+01  0.3150307E-02
  0.1538996E+01  0.5812087E-02
  0.1541996E+01  0.1036551E-01
  0.1544996E+01  0.1836018E-01
  0.1547996E+01  0.2881423E-01
  0.1550996E+01  0.1303904E-01
  0.1553996E+01  0.7642684E-02
  0.1556996E+01  0.8039378E-02
  0.1559996E+01  0.8478677E-02
  0.1562996E+01  0.5912791E-02
  0.1565996E+01  0.1284390E-02
  0.1568996E+01  0.4767038E-02
  0.1571996E+01  0.5850391E-02
  0.1574996E+01  0.5488669E-02
  0.1577996E+01  0.3564316E-02
  0.1580996E+01  0.2333396E-02
  0.1583996E+01  0.2920301E-02
  0.1586996E+01  0.4538753E-02
  0.1589996E+01  0.5937455E-02
  0.1592996E+01  0.6869107E-02
  0.1595996E+01  0.1706402E-01
  0.1598996E+01  0.1577628E-01
  0.1601996E+01  0.9664792E-02
  0.1604996E+01  0.1260923E-01
  0.1607996E+01  0.2634461E-01
  0.1610996E+01  0.4881593E-01
  0.1613996E+01  0.7371057E-01
  0.1616996E+01  0.8812114E-01
  0.1619996E+01  0.2678512E+00
  0.1622996E+01  0.5109121E-01
  0.1625996E+01  0.3508984E-01
  0.1628996E+01  0.2570744E-01
  0.1631996E+01  0.7641019E-02
  0.1634996E+01  0.7489453E-02
  0.1637996E+01  0.4352551E-02
  0.1640996E+01  0.3917590E-02
  0.1643996E+01  0.3772947E-02
  0.1646996E+01  0.1905752E-02
  0.1649996E+01  0.5664575E-02
  0.1652996E+01  0.6000263E-02
  0.1655996E+01  0.5398825E-02
  0.1658996E+01  0.3992286E-02
  0.1661996E+01  0.3302986E-02
  0.1664996E+01  0.6525879E-02
  0.1667996E+01  0.1580290E-01
  0.1670996E+01  0.1034620E-01
  0.1673996E+01  0.5504724E-02
  0.1676996E+01  0.5050013E-02
  0.1679996E+01  0.7671246E-02
  0.1682996E+01  0.9773168E-02
  0.1685996E+01  0.5229478E-02
  0.1688996E+01  0.7220014E-03
  0.1691996E+01  0.1693357E-02
  0.1694996E+01  0.8269358E-03
  0.1697996E+01  0.3778061E-02
  0.1700996E+01  0.4626750E-02
  0.1703996E+01  0.4221061E-02
  0.1706996E+01  0.4846263E-02
  0.1709996E+01  0.2880026E-02
  0.1712996E+01  0.1425881E-02
  0.1715996E+01  0.2709119E-02
  0.1718996E+01  0.5775196E-02
  0.1721996E+01  0.7615618E-02
  0.1724996E+01  0.6732573E-02
  0.1727996E+01  0.3046878E-02
  0.1730996E+01  0.1563886E-01
  0.1733996E+01  0.3784468E-01
  0.1736996E+01  0.5515445E-01
  0.1739996E+01  0.2095750E+00
  0.1742996E+01  0.5669002E-01
  0.1745996E+01  0.4584148E-01
  0.1748996E+01  0.4687396E-01
  0.1751996E+01  0.3883144E-01
  0.1754996E+01  0.4938787E-02
  0.1757996E+01  0.3553352E-02
  0.1760996E+01  0.9625087E-02
  0.1763996E+01  0.1795925E-01
  0.1766996E+01  0.6235077E-02
  0.1769996E+01  0.1074833E-01
  0.1772996E+01  0.7390555E-02
  0.1775996E+01  0.4384046E-02
  0.1778996E+01  0.2476764E-02
  0.1781996E+01  0.1407949E-02
  0.1784996E+01  0.1852195E-02
  0.1787996E+01  0.6884498E-02
  0.1790996E+01  0.6599711E-02
  0.1793996E+01  0.5574686E-02
  0.1796996E+01  0.5924643E-02
  0.1799996E+01  0.7071092E-02
  0.1802996E+01  0.7358698E-02
  0.1805996E+01  0.3086853E-02
  0.1808996E+01  0.2177973E-02
  0.1811996E+01  0.4105186E-02
  0.1814996E+01  0.5245077E-02
  0.1817996E+01  0.2381028E-02
  0.1820996E+01  0.1758248E-02
  0.1823996E+01  0.1957393E-02
  0.1826996E+01  0.6335780E-02
  0.1829996E+01  0.5727563E-02
  0.1832996E+01  0.7779814E-02
  0.1835996E+01  0.7957836E-02
  0.1838996E+01  0.3961845E-02
  0.1841996E+01  0.4691676E-02
  0.1844996E+01  0.9765433E-02
  0.1847996E+01  0.1648614E-01
  0.1850996E+01  0.2784426E-01
  0.1853996E+01  0.4589282E-01
  0.1856996E+01  0.6471030E-01
  0.1859996E+01  0.2587900E+00
  0.1862996E+01  0.6373717E-01
  0.1865996E+01  0.5058950E-01
  0.1868996E+01  0.4748211E-01
  0.1871996E+01  0.2824966E-01
  0.1874996E+01  0.4052843E-02
  0.1877996E+01  0.6727446E-02
  0.1880996E+01  0.7090574E-02
  0.1883996E+01  0.1481603E-01
  0.1886996E+01  0.7544006E-02
  0.1889996E+01  0.9232591E-02
  0.1892996E+01  0.5100353E-02
  0.1895996E+01  0.2854237E-02
  0.1898996E+01  0.1621133E-02
  0.1901996E+01  0.1014004E-02
  0.1904996E+01  0.1222592E-02
  0.1907996E+01  0.2470364E-02
  0.1910996E+01  0.3697560E-02
  0.1913996E+01  0.3384213E-02
  0.1916996E+01  0.2640802E-02
  0.1919996E+01  0.1777759E-02
  0.1922996E+01  0.2710667E-02
  0.1925995E+01  0.3100232E-02
  0.1928995E+01  0.1323394E-02
  0.1931995E+01  0.1032869E-02
  0.1934995E+01  0.2760647E-02
  0.1937995E+01  0.3282459E-02
  0.1940995E+01  0.4429790E-02
  0.1943995E+01  0.4813713E-02
  0.1946995E+01  0.4228848E-02
  0.1949995E+01  0.2321945E-02
  0.1952995E+01  0.2636276E-02
  0.1955995E+01  0.3857908E-02
  0.1958995E+01  0.9954335E-03
  0.1961995E+01  0.4266944E-02
  0.1964995E+01  0.6282824E-02
  0.1967995E+01  0.7005381E-02
  0.1970995E+01  0.8651911E-02
  0.1973995E+01  0.1473083E-01
  0.1976995E+01  0.2264564E-01
  0.1979995E+01  0.9416476E-01
  0.1982995E+01  0.1869622E-01
  0.1985995E+01  0.1297626E-01
  0.1988995E+01  0.1419722E-01
  0.1991995E+01  0.1654083E-01
  0.1994995E+01  0.3550671E-02
  0.1997995E+01  0.3508177E-02
  0.2000995E+01  0.8673153E-02
  0.2003995E+01  0.8852222E-02
  0.2006995E+01  0.4047848E-02
  0.2009995E+01  0.6424058E-02
  0.2012995E+01  0.6775582E-02
  0.2015995E+01  0.6097374E-02
  0.2018995E+01  0.4683637E-02
  0.2021995E+01  0.3181030E-02
  0.2024995E+01  0.2339183E-02
  0.2027995E+01  0.4201439E-02
  0.2030995E+01  0.4094371E-02
  0.2033995E+01  0.4340376E-02
  0.2036995E+01  0.5179803E-02
  0.2039995E+01  0.6203421E-02
  0.2042995E+01  0.6525130E-02
  0.2045995E+01  0.3061217E-02
  0.2048995E+01  0.2300406E-02
  0.2051995E+01  0.3528053E-02
  0.2054995E+01  0.1965139E-02
  0.2057995E+01  0.4267260E-02
  0.2060995E+01  0.5100743E-02
  0.2063995E+01  0.3611777E-02
  0.2066995E+01  0.5923172E-02
  0.2069995E+01  0.3525062E-02
  0.2072995E+01  0.5122470E-02
  0.2075995E+01  0.1008121E-01
  0.2078995E+01  0.4985898E-02
  0.2081995E+01  0.8136890E-02
  0.2084995E+01  0.1492803E-01
  0.2087995E+01  0.2330904E-01
  0.2090995E+01  0.3596579E-01
  0.2093995E+01  0.5659502E-01
  0.2096995E+01  0.7927623E-01
  0.2099995E+01  0.3179977E+00
  0.2102995E+01  0.7062904E-01
  0.2105995E+01  0.5392995E-01
  0.2108995E+01  0.5150759E-01
  0.2111995E+01  0.3545979E-01
  0.2114995E+01  0.3242882E-02
  0.2117995E+01  0.1078102E-01
  0.2120995E+01  0.1432125E-01
  0.2123995E+01  0.1731051E-01
  0.2126995E+01  0.3192584E-02
  0.2129995E+01  0.1498672E-01
  0.2132995E+01  0.1284576E-01
  0.2135995E+01  0.9144132E-02
  0.2138995E+01  0.5140619E-02
  0.2141995E+01  0.2433197E-02
  0.2144995E+01  0.1844063E-02
  0.2147995E+01  0.6160358E-02
  0.2150995E+01  0.7373571E-02
  0.2153995E+01  0.6375184E-02
  0.2156995E+01  0.5758798E-02
  0.2159995E+01  0.5303161E-02
  0.2162995E+01  0.4570776E-02
  0.2165995E+01  0.3786887E-02
  0.2168995E+01  0.4182794E-02
  0.2171995E+01  0.3767500E-02
  0.2174995E+01  0.1912703E-02
  0.2177995E+01  0.4061860E-02
  0.2180995E+01  0.2989000E-02
  0.2183995E+01  0.1387657E-02
  0.2186995E+01  0.5374893E-02
  0.2189995E+01  0.4073060E-02
  0.2192995E+01  0.5828596E-02
  0.2195995E+01  0.9305811E-02
  0.2198995E+01  0.5990783E-02
  0.2201995E+01  0.8514226E-02
  0.2204995E+01  0.1423566E-01
  0.2207995E+01  0.2229927E-01
  0.2210995E+01  0.3417117E-01
  0.2213995E+01  0.5198824E-01
  0.2216995E+01  0.7182598E-01
  0.2219995E+01  0.2887172E+00
  0.2222995E+01  0.6377123E-01
  0.2225995E+01  0.4927807E-01
  0.2228995E+01  0.4616801E-01
  0.2231995E+01  0.2764357E-01
  0.2234995E+01  0.6451001E-02
  0.2237995E+01  0.1107916E-01
  0.2240995E+01  0.1194589E-01
  0.2243995E+01  0.1377762E-01
  0.2246995E+01  0.2566581E-02
  0.2249995E+01  0.1283929E-01
  0.2252995E+01  0.1080783E-01
  0.2255995E+01  0.7389354E-02
  0.2258995E+01  0.3652325E-02
  0.2261995E+01  0.1020339E-02
  0.2264995E+01  0.7518174E-03
  0.2267995E+01  0.4629585E-02
  0.2270995E+01  0.6274709E-02
  0.2273995E+01  0.5453533E-02
  0.2276995E+01  0.4523877E-02
  0.2279995E+01  0.3415989E-02
  0.2282995E+01  0.1968019E-02
  0.2285995E+01  0.3141974E-02
  0.2288995E+01  0.3648171E-02
  0.2291995E+01  0.2750446E-02
  0.2294995E+01  0.7511192E-03
  0.2297995E+01  0.3115563E-02
  0.2300995E+01  0.1779743E-02
  0.2303995E+01  0.1903373E-02
  0.2306995E+01  0.3668099E-02
  0.2309995E+01  0.3153841E-02
  0.2312995E+01  0.3683324E-02
  0.2315995E+01  0.4958162E-02
  0.2318995E+01  0.3652606E-02
  0.2321995E+01  0.5746167E-02
  0.2324995E+01  0.9023802E-02
  0.2327995E+01  0.1361943E-01
  0.2330995E+01  0.2030659E-01
  0.2333995E+01  0.2975603E-01
  0.2336995E+01  0.4073479E-01
  0.2339995E+01  0.1659597E+00
  0.2342995E+01  0.3592659E-01
  0.2345995E+01  0.2779169E-01
  0.2348995E+01  0.2584242E-01
  0.2351995E+01  0.1431997E-01
  0.2354994E+01  0.5011181E-02
  0.2357994E+01  0.7131747E-02
  0.2360994E+01  0.6994556E-02
  0.2363994E+01  0.6802367E-02
  0.2366994E+01  0.1017806E-02
  0.2369994E+01  0.7050117E-02
  0.2372994E+01  0.6166992E-02
  0.2375994E+01  0.4384922E-02
  0.2378994E+01  0.2362513E-02
  0.2381994E+01  0.9893739E-03
  0.2384994E+01  0.1623486E-03
  0.2387994E+01  0.2247835E-02
  0.2390994E+01  0.3616040E-02
  0.2393994E+01  0.3344319E-02
  0.2396994E+01  0.2789052E-02
  0.2399994E+01  0.1989156E-02
  0.2402994E+01  0.4135621E-03
  0.2405994E+01  0.1882613E-02
  0.2408994E+01  0.2471305E-02
  0.2411994E+01  0.2013719E-02
  0.2414994E+01  0.4026283E-03
  0.2417994E+01  0.1824117E-02
  0.2420994E+01  0.1195419E-02
  0.2423994E+01  0.1488653E-02
  0.2426994E+01  0.2128789E-02
  0.2429994E+01  0.2069848E-02
  0.2432994E+01  0.2089197E-02
  0.2435994E+01  0.1966054E-02
  0.2438994E+01  0.1338498E-02
  0.2441994E+01  0.2882965E-02
  0.2444994E+01  0.4589227E-02
  0.2447994E+01  0.6613065E-02
  0.2450994E+01  0.9309578E-02
  0.2453994E+01  0.1276541E-01
  0.2456994E+01  0.1695394E-01
  0.2459994E+01  0.7136972E-01
  0.2462994E+01  0.1489147E-01
  0.2465994E+01  0.1126865E-01
  0.2468994E+01  0.1045680E-01
  0.2471994E+01  0.5666041E-02
  0.2474994E+01  0.2496739E-02
  0.2477994E+01  0.3460254E-02
  0.2480994E+01  0.3407213E-02
  0.2483994E+01  0.2239238E-02
  0.2486994E+01  0.7384576E-04
  0.2489994E+01  0.2729350E-02
  0.2492994E+01  0.2662434E-02
  0.2495994E+01  0.2166126E-02
  0.2498994E+01  0.1453420E-02
  0.2501994E+01  0.9142186E-03
  0.2504994E+01  0.4265916E-03
  0.2507994E+01  0.6275283E-03
  0.2510994E+01  0.1524592E-02
  0.2513994E+01  0.1592602E-02
  0.2516994E+01  0.1433160E-02
  0.2519994E+01  0.1154273E-02
  0.2522994E+01  0.4812825E-03
  0.2525994E+01  0.8617867E-03
  0.2528994E+01  0.1260397E-02
  0.2531994E+01  0.1126811E-02
  0.2534994E+01  0.3736695E-03
  0.2537994E+01  0.9744520E-03
  0.2540994E+01  0.8987291E-03
  0.2543994E+01  0.9384923E-03
  0.2546994E+01  0.1205992E-02
  0.2549994E+01  0.1150698E-02
  0.2552994E+01  0.1204235E-02
  0.2555994E+01  0.9754249E-03
  0.2558994E+01  0.1880358E-03
  0.2561994E+01  0.1112687E-02
  0.2564994E+01  0.1999603E-02
  0.2567994E+01  0.2863719E-02
  0.2570994E+01  0.3764496E-02
  0.2573994E+01  0.4580496E-02
  0.2576994E+01  0.5528703E-02
  0.2579994E+01  0.2455108E-01
  0.2582994E+01  0.5135926E-02
  0.2585994E+01  0.3483365E-02
  0.2588994E+01  0.3130675E-02
  0.2591994E+01  0.1860287E-02
  0.2594994E+01  0.8332764E-03
  0.2597994E+01  0.1346576E-02
  0.2600994E+01  0.1546276E-02
  0.2603994E+01  0.6609117E-03
  0.2606994E+01  0.3903287E-03
  0.2609994E+01  0.6667579E-03
  0.2612994E+01  0.8703929E-03
  0.2615994E+01  0.9149527E-03
  0.2618994E+01  0.7661421E-03
  0.2621994E+01  0.6119289E-03
  0.2624994E+01  0.4653170E-03
  0.2627994E+01  0.2183065E-03
  0.2630994E+01  0.5645091E-03
  0.2633994E+01  0.6880625E-03
  0.2636994E+01  0.6564553E-03
  0.2639994E+01  0.6044750E-03
  0.2642994E+01  0.4577279E-03
  0.2645994E+01  0.4177164E-03
  0.2648994E+01  0.5632635E-03
  0.2651994E+01  0.5542677E-03
  0.2654994E+01  0.3302624E-03
  0.2657994E+01  0.5823050E-03
  0.2660994E+01  0.6637418E-03
  0.2663994E+01  0.5953474E-03
  0.2666994E+01  0.6154046E-03
  0.2669994E+01  0.5234173E-03
  0.2672994E+01  0.6671211E-03
  0.2675994E+01  0.6982678E-03
  0.2678994E+01  0.3824517E-03
  0.2681994E+01  0.3055972E-03
  0.2684994E+01  0.6295154E-03
  0.2687994E+01  0.1037540E-02
  0.2690994E+01  0.1397958E-02
  0.2693994E+01  0.1580258E-02
  0.2696994E+01  0.1502907E-02
  0.2699994E+01  0.6971132E-02
  0.2702994E+01  0.1753245E-02
  0.2705994E+01  0.9900412E-03
  0.2708994E+01  0.5545131E-03
  0.2711994E+01  0.5255194E-03
  0.2714994E+01  0.2060721E-03
  0.2717994E+01  0.4259198E-03
  0.2720994E+01  0.6363323E-03
  0.2723994E+01  0.4307861E-03
  0.2726994E+01  0.3514938E-03
  0.2729994E+01  0.1425333E-03
  0.2732994E+01  0.3548317E-03
  0.2735994E+01  0.4828261E-03
  0.2738994E+01  0.4580301E-03
  0.2741994E+01  0.3829609E-03
  0.2744994E+01  0.3429029E-03
  0.2747994E+01  0.3283444E-03
  0.2750994E+01  0.3829662E-03
  0.2753994E+01  0.4237832E-03
  0.2756994E+01  0.3742702E-03
  0.2759994E+01  0.3331240E-03
  0.2762994E+01  0.3483480E-03
  0.2765994E+01  0.3762919E-03
  0.2768994E+01  0.4314694E-03
  0.2771994E+01  0.4384617E-03
  0.2774994E+01  0.3847382E-03
  0.2777994E+01  0.4140636E-03
  0.2780993E+01  0.4705030E-03
  0.2783993E+01  0.4189712E-03
  0.2786993E+01  0.3036158E-03
  0.2789993E+01  0.1718456E-03
  0.2792993E+01  0.3493760E-03
  0.2795993E+01  0.5120417E-03
  0.2798993E+01  0.5039846E-03
  0.2801993E+01  0.4231040E-03
  0.2804993E+01  0.3379288E-03
  0.2807993E+01  0.3910743E-03
  0.2810993E+01  0.5438486E-03
  0.2813993E+01  0.6766376E-03
  0.2816993E+01  0.6282344E-03
  0.2819993E+01  0.1467716E-02
  0.2822993E+01  0.6992438E-03
  0.2825993E+01  0.4446936E-03
  0.2828993E+01  0.1951341E-03
  0.2831993E+01  0.2676669E-03
  0.2834993E+01  0.3001420E-03
  0.2837993E+01  0.3200440E-03
  0.2840993E+01  0.3706424E-03
  0.2843993E+01  0.3603798E-03
  0.2846993E+01  0.3090635E-03
  0.2849993E+01  0.2788902E-03
  0.2852993E+01  0.3452064E-03
  0.2855993E+01  0.3912204E-03
  0.2858993E+01  0.3637430E-03
  0.2861993E+01  0.2952040E-03
  0.2864993E+01  0.2676028E-03
  0.2867993E+01  0.3085531E-03
  0.2870993E+01  0.3550253E-03
  0.2873993E+01  0.3693086E-03
  0.2876993E+01  0.3273523E-03
  0.2879993E+01  0.2840382E-03
  0.2882993E+01  0.3057655E-03
  0.2885993E+01  0.3473047E-03
  0.2888993E+01  0.3610437E-03
  0.2891993E+01  0.3275012E-03
  0.2894993E+01  0.2739340E-03
  0.2897993E+01  0.2665071E-03
  0.2900993E+01  0.3336746E-03
  0.2903993E+01  0.3705673E-03
  0.2906993E+01  0.3468820E-03
  0.2909993E+01  0.2856055E-03
  0.2912993E+01  0.2880257E-03
  0.2915993E+01  0.3513702E-03
  0.2918993E+01  0.3719736E-03
  0.2921993E+01  0.3388265E-03
  0.2924993E+01  0.2691600E-03
  0.2927993E+01  0.2281015E-03
  0.2930993E+01  0.2734138E-03
  0.2933993E+01  0.3631810E-03
  0.2936993E+01  0.4111533E-03
  0.2939993E+01  0.5399415E-04
  0.2942993E+01  0.3866578E-03
  0.2945993E+01  0.3327539E-03
  0.2948993E+01  0.2700540E-03
  0.2951993E+01  0.2710999E-03
  0.2954993E+01  0.3072730E-03
  0.2957993E+01  0.3058992E-03
  0.2960993E+01  0.3060156E-03
  0.2963993E+01  0.3007976E-03
  0.2966993E+01  0.2731870E-03
  0.2969993E+01  0.2771034E-03
  0.2972993E+01  0.2955107E-03
  0.2975993E+01  0.3026038E-03
  0.2978993E+01  0.2824546E-03
  0.2981993E+01  0.2547693E-03
  0.2984993E+01  0.2602307E-03
  0.2987993E+01  0.2968256E-03
  0.2990993E+01  0.3185384E-03
  0.2993993E+01  0.3042965E-03
  0.2996993E+01  0.2621845E-03
  0.2999993E+01  0.2437639E-03
