0 -0.0121966
1 0.106275
2 0.492221
3 0.513069
4 0.803154
5 1.03106
6 1.09003
7 1.13414
8 1.30095
9 1.3092
10 1.50248
11 1.29552
12 1.29835
13 1.18518
14 0.981341
15 0.829231
16 0.649889
17 0.697879
18 0.320695
19 -0.000808039
20 0.0521356
21 -0.0433858
22 -0.292028
23 -0.159103
24 -0.298225
25 -0.22328
26 -0.220874
27 -0.217809
28 -0.0726047
29 0.135332
30 0.229033
31 0.281413
32 0.680007
33 0.816881
34 0.906542
35 1.21228
36 1.46618
37 1.53874
38 1.67806
39 1.97244
40 1.85062
41 2.064
42 2.09285
43 2.17628
44 2.33134
45 2.12452
46 2.01489
47 1.92506
48 1.77204
49 1.52886
50 1.43031
51 1.44009
52 1.29875
53 0.886402
54 0.761247
55 0.869313
56 0.601816
57 0.467487
58 0.551044
59 0.165934
60 0.410349
61 0.373139
62 0.479296
63 0.391684
64 0.734624
65 0.814336
66 0.770329
67 1.07226
68 1.35629
69 1.4216
70 1.57963
71 1.68513
72 1.92987
73 1.96624
74 2.25892
75 2.25525
76 2.32061
77 2.31843
78 2.3069
79 2.36534
80 2.14928
81 2.18206
82 2.01762
83 1.78884
84 1.5768
85 1.37822
86 1.18879
87 0.795788
88 0.892241
89 0.595748
90 0.554947
91 0.427724
92 0.148185
93 0.150437
94 0.302489
95 0.0786055
96 0.189838
97 -0.120558
98 0.381434
99 0.327835
100 0.433495
101 0.58677
102 0.725722
103 1.10467
104 1.19524
105 1.30488
106 1.27051
107 1.57108
108 1.66708
109 1.66771
110 1.62792
111 1.628
112 1.62926
113 1.73073
114 1.50756
115 1.54315
116 1.23723
117 1.06683
118 0.865589
119 0.680973
120 0.619776
121 0.346285
122 0.158874
123 0.03088
124 -0.439866
125 -0.335243
126 -0.541963
127 -0.745945
128 -0.539475
129 -0.662004
130 -0.713253
131 -0.706585
132 -0.810848
133 -0.471724
134 -0.164328
135 -0.194936
136 -0.320837
137 -0.0730661
138 -0.0247273
139 0.240197
140 0.467439
141 0.581571
142 0.82932
143 0.880428
144 1.04269
145 0.806152
146 0.73333
147 0.82444
148 0.742238
149 0.387672
150 0.446506
151 0.420407
152 0.277405
153 -0.11242
154 -0.167891
155 -0.394025
156 -0.647831
157 -0.818409
158 -1.02776
159 -1.19875
160 -1.44603
161 -1.36898
162 -1.30782
163 -1.39177
164 -1.55518
165 -1.57408
166 -1.42506
167 -1.29078
168 -1.18394
169 -1.07173
170 -0.603404
171 -0.907643
172 -0.459636
173 -0.341448
174 -0.33419
175 0.076481
176 0.119116
177 0.173799
178 0.323225
179 0.510338
180 0.335058
181 0.310096
182 0.184312
183 0.224051
184 0.0336799
185 -0.210692
186 -0.184497
187 -0.342148
188 -0.360778
189 -0.798937
190 -0.89711
191 -1.23394
192 -1.27136
193 -1.5051
194 -1.3997
195 -1.52017
196 -1.69485
197 -1.55404
198 -1.54181
199 -1.48415
200 -1.49398
201 -1.36406
202 -1.16459
203 -1.18668
204 -1.02158
205 -0.76574
206 -0.540639
207 -0.348151
208 -0.0926482
209 0.0529715
210 0.176346
211 0.324816
212 0.413502
213 0.501
214 0.46169
215 0.546691
216 0.445674
217 0.514061
218 0.347443
219 0.181352
220 0.209503
221 -0.200514
222 -0.100943
223 -0.243074
224 -0.528904
225 -0.61035
226 -0.969651
227 -0.964794
228 -1.20755
229 -1.17742
230 -1.14504
231 -1.32088
232 -1.10838
233 -1.02347
234 -1.08493
235 -1.11461
236 -0.851581
237 -0.52659
238 -0.561046
239 -0.0882748
240 0.12676
241 0.205529
242 0.509775
243 0.436138
244 0.595632
245 0.901666
246 1.03415
247 1.04366
248 1.07824
249 1.03071
250 1.14164
251 0.958461
252 1.0481
253 0.895113
254 0.85492
255 0.467065
256 0.553422
257 0.337515
258 0.240031
259 0.0393981
260 -0.0997479
261 -0.134172
262 -0.445412
263 -0.488162
264 -0.397856
265 -0.437943
266 -0.590853
267 -0.605175
268 -0.461436
269 -0.369891
270 -0.229648
271 -0.0314474
272 0.120943
273 0.325139
274 0.497136
275 0.778708
276 0.926566
277 1.18427
278 1.105
279 1.37584
280 1.58719
281 1.81458
282 1.67499
283 1.83268
284 1.69807
285 1.75464
286 1.50038
287 1.08698
288 1.24734
289 1.03951
290 1.13525
291 0.841521
292 0.551336
293 0.535218
294 0.196133
295 0.245373
296 -0.18489
297 -0.0992967
298 -0.254377
299 -0.510999
300 -0.30123
301 -0.48378
302 -0.265943
303 -0.244282
304 -0.0667315
305 0.0253455
306 0.190812
307 0.245326
308 0.607092
309 0.58454
310 0.907352
311 0.805354
312 1.27489
313 1.25593
314 1.33857
315 1.41104
316 1.35183
317 1.2897
318 1.40154
319 1.40924
320 1.12066
321 1.19458
322 1.1556
323 0.894164
324 0.684483
325 0.541273
326 0.256774
327 0.093425
328 -0.156357
329 -0.28198
330 -0.286006
331 -0.683971
332 -0.654164
333 -0.725726
334 -0.84391
335 -0.760019
336 -0.688771
337 -0.887911
338 -0.716209
339 -0.689408
340 -0.59029
341 -0.19993
342 -0.196502
343 -0.401514
344 0.108923
345 0.198867
346 0.44448
347 0.396556
348 0.443812
349 0.809029
350 0.621222
351 0.764563
352 0.660275
353 0.757235
354 0.767651
355 0.394766
356 0.219177
357 0.217251
358 -0.178598
359 -0.333294
360 -0.623969
361 -0.596741
362 -0.83686
363 -1.08267
364 -1.44563
365 -1.41071
366 -1.50297
367 -1.53256
368 -1.81984
369 -1.74154
370 -1.61156
371 -1.62013
372 -1.71127
373 -1.63204
374 -1.48849
375 -1.17904
376 -1.16944
377 -0.963889
378 -0.975516
379 -0.464086
380 -0.57704
381 -0.490934
382 -0.344772
383 0.0717997
384 -0.00929097
385 -0.0636591
386 -0.0914579
387 -0.285832
388 -0.144309
389 -0.27773
390 -0.33928
391 -0.481244
392 -0.991512
393 -0.941858
394 -1.34644
395 -1.41627
396 -1.51994
397 -1.94636
398 -2.05366
399 -1.99339
400 -2.11845
401 -2.29331
402 -2.15424
403 -2.21685
404 -2.36131
405 -2.06873
406 -2.23204
407 -2.05883
408 -2.02506
409 -1.84564
410 -1.60065
411 -1.35587
412 -1.1974
413 -0.905246
414 -1.05167
415 -0.789003
416 -0.71492
417 -0.593286
418 -0.371586
419 -0.377358
420 -0.286598
421 -0.43228
422 -0.400848
423 -0.431165
424 -0.585396
425 -0.821627
426 -0.962363
427 -1.01758
428 -1.29394
429 -1.20284
430 -1.43215
431 -1.64731
432 -1.86083
433 -2.0363
434 -1.99501
435 -1.96192
436 -2.1945
437 -2.20064
438 -2.06506
439 -2.04391
440 -1.85329
441 -1.95936
442 -1.77387
443 -1.44386
444 -1.41269
445 -1.09456
446 -0.975745
447 -0.588758
448 -0.554161
449 -0.329917
450 -0.253859
451 0.0144732
452 0.1311
453 0.131515
454 0.0475445
455 0.34761
456 0.266889
457 0.103826
458 -0.027212
459 0.146021
460 -0.0676499
461 -0.291574
462 -0.299766
463 -0.603837
464 -0.626432
465 -1.05259
466 -0.959346
467 -1.06911
468 -1.3903
469 -1.34148
470 -1.27257
471 -1.25925
472 -1.20069
473 -1.05358
474 -1.16277
475 -0.994295
476 -0.826475
477 -0.458103
478 -0.348428
479 -0.323663
480 -0.0390263
481 0.163571
482 0.365363
483 0.633575
484 0.849694
485 0.81106
486 1.05775
487 1.03594
488 1.25706
489 1.36482
490 1.32114
491 1.36058
492 1.34536
493 1.2349
494 0.892683
495 0.879045
496 0.73172
497 0.4555
498 0.384494
499 0.350228
500 0.181871
501 -0.0167346
502 0.0942869
503 -0.213003
504 -0.447654
505 -0.299108
506 -0.0499857
507 -0.433915
508 -0.145846
509 0.217571
510 0.127446
511 0.198909
512 0.623027
513 0.875498
514 0.738985
515 1.13639
516 1.31368
517 1.43373
518 1.59392
519 1.80113
520 1.84122
521 2.09732
522 2.38489
523 2.20025
524 2.12136
525 2.16158
526 2.31646
527 2.04326
528 1.92205
529 1.73481
530 1.64833
531 1.27836
532 1.30952
533 0.806415
534 1.00837
535 0.863065
536 0.575178
537 0.452017
538 0.380899
539 0.243064
540 0.273672
541 0.511521
542 0.411677
543 0.430312
544 0.691318
545 0.571889
546 0.84316
547 1.08879
548 1.27456
549 1.34613
550 1.73976
551 1.8068
552 1.89371
553 1.99829
554 2.11961
555 2.27799
556 2.30795
557 2.33146
558 2.16988
559 2.22014
560 2.24137
561 2.16379
562 1.81521
563 1.79477
564 1.61593
565 1.2721
566 0.891418
567 1.1317
568 0.78126
569 0.530094
570 0.543978
571 0.361257
572 0.237324
573 0.0505818
574 0.114199
575 0.190115
576 0.185745
577 0.162919
578 0.406631
579 0.385113
580 0.441787
581 0.515175
582 0.754053
583 0.990792
584 1.15358
585 1.33697
586 1.30535
587 1.52069
588 1.54232
589 1.78356
590 1.79208
591 1.85334
592 1.68426
593 1.51987
594 1.51478
595 1.3073
596 1.15401
597 0.964657
598 1.02106
599 0.569321
600 0.332366
601 0.285526
602 0.00460701
603 -0.182062
604 -0.158467
605 -0.408728
606 -0.458691
607 -0.630213
608 -0.567562
609 -0.803866
610 -0.662252
611 -0.566254
612 -0.642296
613 -0.492016
614 -0.352882
615 -0.343435
616 -0.134868
617 -0.00390794
618 0.228626
619 0.214666
620 0.63225
621 0.634845
622 0.77667
623 0.825103
624 0.83879
625 0.87687
626 0.92382
627 0.900961
628 0.657406
629 0.518731
630 0.442473
631 0.379859
632 0.131293
633 0.0180561
634 -0.360737
635 -0.553643
636 -0.729606
637 -1.05793
638 -0.927155
639 -1.1237
640 -1.13478
641 -1.36388
642 -1.50481
643 -1.3339
644 -1.37117
645 -1.30503
646 -1.4554
647 -1.36693
648 -1.14133
649 -0.951846
650 -0.783494
651 -0.52881
652 -0.631003
653 -0.470882
654 0.0262446
655 0.0466164
656 -0.0443757
657 0.2696
658 0.33765
659 0.297834
660 0.40692
661 0.22143
662 0.260329
663 0.128783
664 -0.0672639
665 -0.056587
666 -0.130103
667 -0.40906
668 -0.525511
669 -0.745503
670 -1.03011
671 -1.06659
672 -1.32993
673 -1.37948
674 -1.53175
675 -1.68138
676 -1.66952
677 -1.70149
678 -1.68451
679 -1.48747
680 -1.3938
681 -1.08122
682 -1.33469
683 -1.24612
684 -0.877557
685 -0.621081
686 -0.383412
687 -0.358591
688 -0.185187
689 0.12732
690 0.215726
691 0.264994
692 0.373717
693 0.452068
694 0.568068
695 0.517484
696 0.497154
697 0.427313
698 0.484935
699 0.267792
700 0.146447
701 -0.0168902
702 -0.12663
703 -0.252488
704 -0.643159
705 -0.503755
706 -0.883725
707 -1.19571
708 -1.09861
709 -1.025
710 -1.41818
711 -1.26548
712 -0.943199
713 -1.1424
714 -0.81812
715 -0.82052
716 -0.877394
717 -0.491428
718 -0.467076
719 -0.282326
720 -0.0191851
721 0.372297
722 0.383986
723 0.604452
724 0.71955
725 1.08823
726 1.1347
727 1.09772
728 1.28815
729 1.11881
730 1.3713
731 1.04412
732 0.952212
733 1.03053
734 0.86385
735 0.610103
736 0.622177
737 0.304683
738 0.231651
739 -0.0178839
740 -0.179595
741 -0.110607
742 -0.545675
743 -0.580163
744 -0.464367
745 -0.592276
746 -0.544462
747 -0.44977
748 -0.484021
749 -0.160947
750 -0.179818
751 -0.0359602
752 0.021413
753 0.393061
754 0.424227
755 0.7463
756 0.819892
757 1.08496
758 1.29485
759 1.28517
760 1.5355
761 1.52097
762 1.54594
763 1.54769
764 1.65914
765 1.67872
766 1.66267
767 1.34686
768 1.15642
769 1.07077
770 0.765931
771 0.702765
772 0.63149
773 0.593736
774 0.00142665
775 0.0148924
776 -0.128282
777 -0.123076
778 -0.207189
779 -0.292999
780 -0.340598
781 -0.474954
782 -0.389476
783 -0.144711
784 -0.0534553
785 -0.0475424
786 -0.0680618
787 0.29601
788 0.434647
789 0.569167
790 0.946868
791 1.02179
792 1.17343
793 1.12226
794 1.31287
795 1.34723
796 1.43681
797 1.46934
798 1.36955
799 1.43917
800 1.47994
801 1.23946
802 0.905617
803 0.843826
804 0.867635
805 0.63918
806 0.28189
807 0.24957
808 0.131706
809 -0.375073
810 -0.549797
811 -0.472134
812 -0.826781
813 -0.823134
814 -0.744447
815 -0.904195
816 -0.906588
817 -0.798931
818 -0.829569
819 -0.549865
820 -0.584156
821 -0.197555
822 -0.17007
823 -0.0532772
824 0.296111
825 0.304672
826 0.591166
827 0.572572
828 0.72098
829 0.795944
830 0.611289
831 0.689889
832 0.814009
833 0.536695
834 0.41586
835 0.420908
836 0.290725
837 -0.056017
838 0.0376963
839 -0.408528
840 -0.378907
841 -0.671869
842 -0.961334
843 -1.12902
844 -1.20832
845 -1.36146
846 -1.54381
847 -1.64692
848 -1.81138
849 -1.84396
850 -1.66158
851 -1.60335
852 -1.65067
853 -1.59308
854 -1.30213
855 -1.22736
856 -0.983256
857 -0.993148
858 -0.837528
859 -0.609764
860 -0.654737
861 -0.26072
862 -0.313157
863 -0.213516
864 -0.149396
865 -0.0721468
866 -0.1594
867 -0.214942
868 -0.277548
869 -0.437574
870 -0.406901
871 -0.597552
872 -0.73158
873 -0.864445
874 -1.23309
875 -1.44715
876 -1.56505
877 -1.78812
878 -1.93264
879 -2.01904
880 -2.10177
881 -2.30575
882 -2.4374
883 -2.30685
884 -2.34235
885 -2.20758
886 -2.04973
887 -2.17958
888 -2.13368
889 -1.69962
890 -1.72112
891 -1.56068
892 -1.21051
893 -1.06431
894 -0.978578
895 -0.659469
896 -0.664929
897 -0.528303
898 -0.420437
899 -0.514785
900 -0.130815
901 -0.279613
902 -0.456198
903 -0.527841
904 -0.602452
905 -0.643368
906 -0.802951
907 -1.07494
908 -1.16092
909 -1.23532
910 -1.44875
911 -1.56563
912 -1.96431
913 -1.95383
914 -2.08868
915 -2.29543
916 -1.91196
917 -2.12786
918 -2.2195
919 -1.95159
920 -1.9679
921 -1.87638
922 -1.80617
923 -1.56725
924 -1.28301
925 -0.978809
926 -0.957349
927 -0.796911
928 -0.504219
929 -0.448172
930 -0.31821
931 0.083113
932 -0.0268591
933 0.146086
934 0.179847
935 0.116692
936 0.254684
937 0.00511373
938 0.0512954
939 -0.0442654
940 -0.213054
941 -0.245538
942 -0.350673
943 -0.590938
944 -0.680495
945 -0.731115
946 -0.9869
947 -0.969809
948 -1.31041
949 -1.10273
950 -1.26364
951 -1.42425
952 -1.35963
953 -1.0971
954 -1.17888
955 -1.02983
956 -0.990633
957 -0.612854
958 -0.369342
959 -0.121379
960 -0.0582923
961 0.16758
962 0.373476
963 0.644562
964 0.765402
965 0.908307
966 1.05073
967 1.28466
968 1.31766
969 1.1899
970 1.22248
971 1.20181
972 1.10008
973 1.05405
974 1.04798
975 0.880602
976 0.688229
977 0.714571
978 0.377106
979 0.180372
980 0.267681
981 -0.0732577
982 -0.0422866
983 -0.128157
984 -0.0261143
985 -0.315569
986 -0.251936
987 0.0791083
988 -0.141195
989 0.136252
990 0.204812
991 0.272402
992 0.46128
993 0.693081
994 1.03571
995 1.22831
996 1.36302
997 1.49309
998 1.70347
999 1.81351
