   0.00000   0.00000
   0.48852   0.00000
   0.97704   0.00000
   1.46556   0.00000
   1.95408   0.00000
   2.44260   0.00000
   2.93112   0.00000
   3.41964   0.00000
   3.90816   0.00000
   4.39668   0.00000
   4.88520   0.00000
   5.37372   0.00000
   5.86224   0.00000
   6.35076   0.00000
   6.83928   0.00000
   7.32780   0.00000
   7.81632   0.00000
   8.30484   0.00000
   8.79336   0.00000
   9.28188   0.00000
   9.77040   0.00000
  10.25892   0.00000
  10.74744   0.00000
  11.23596   0.00000
  11.72447   0.00000
  12.21299   0.00000
  12.70151   0.00000
  13.19003   0.00000
  13.67855   0.00000
  14.16707   0.00000
  14.65559   0.00000
  15.14411   0.00000
  15.63263  -0.00000
  16.12115  -0.00000
  16.60967  -0.00000
  17.09819  -0.00000
  17.58671  -0.00000
  18.07523  -0.00000
  18.56375  -0.00000
  19.05227  -0.00000
  19.54079  -0.00000
  20.02931  -0.00000
  20.51783  -0.00000
  21.00635  -0.00000
  21.49487  -0.00000
  21.98339  -0.00000
  22.47191  -0.00000
  22.96043  -0.00000
  23.44895   0.00000
  23.93747   0.00000
  24.42599   0.00000
  24.91451   0.00000
  25.40303   0.00000
  25.89155   0.00000
  26.38007   0.00000
  26.86859   0.00000
  27.35711   0.00000
  27.84563   0.00000
  28.33415   0.00000
  28.82267   0.00000
  29.31119   0.00000
  29.79971   0.00000
  30.28823   0.00000
  30.77675   0.00000
  31.26527   0.00000
  31.75379   0.00000
  32.24231   0.00000
  32.73083   0.00000
  33.21935   0.00000
  33.70787   0.00000
  34.19638   0.00000
  34.68490   0.00000
  35.17342   0.00000
  35.66194   0.00000
  36.15046   0.00000
  36.63898   0.00000
  37.12750   0.00000
  37.61602   0.00000
  38.10454   0.00000
  38.59306   0.00000
  39.08158   0.00000
  39.57010   0.00000
  40.05862   0.00000
  40.54714   0.00000
  41.03566   0.00000
  41.52418   0.00000
  42.01270   0.00000
  42.50122   0.00000
  42.98974   0.00000
  43.47826   0.00000
  43.96678   0.00000
  44.45530   0.00000
  44.94382   0.00000
  45.43234   0.00000
  45.92086   0.00000
  46.40938   0.00000
  46.89790  -0.00000
  47.38642  -0.00000
  47.87494  -0.00000
  48.36346  -0.00000
  48.85198  -0.00000
  49.34050  -0.00000
  49.82902  -0.00000
  50.31754  -0.00000
  50.80606  -0.00000
  51.29458  -0.00000
  51.78310  -0.00000
  52.27162  -0.00000
  52.76014  -0.00000
  53.24866  -0.00000
  53.73718  -0.00000
  54.22570   0.00000
  54.71422   0.00000
  55.20274   0.00000
  55.69126   0.00000
  56.17978   0.00000
  56.66830   0.00000
  57.15681   0.00000
  57.64533   0.00000
  58.13385   0.00000
  58.62237   0.00000
  59.11089   0.00000
  59.59941   0.00000
  60.08793   0.00000
  60.57645   0.00000
  61.06497   0.00000
  61.55349   0.00000
  62.04201   0.00000
  62.53053   0.00000
  63.01905   0.00000
  63.50757   0.00000
  63.99609   0.00000
  64.48461   0.00000
  64.97313   0.00000
  65.46165   0.00000
  65.95017   0.00000
  66.43869   0.00000
  66.92721   0.00000
  67.41573   0.00000
  67.90425   0.00000
  68.39277   0.00000
  68.88129   0.00000
  69.36981   0.00000
  69.85833   0.00000
  70.34685   0.00000
  70.83537   0.00000
  71.32389   0.00000
  71.81241   0.00000
  72.30093   0.00000
  72.78945   0.00000
  73.27797   0.00000
  73.76649   0.00000
  74.25501   0.00000
  74.74353   0.00000
  75.23205   0.00000
  75.72057   0.00000
  76.20909   0.00000
  76.69761   0.00000
  77.18613   0.00000
  77.67465  -0.00000
  78.16317  -0.00000
  78.65169  -0.00000
  79.14021  -0.00000
  79.62872  -0.00000
  80.11724  -0.00000
  80.60576  -0.00000
  81.09428  -0.00000
  81.58280  -0.00000
  82.07132  -0.00000
  82.55984  -0.00000
  83.04836  -0.00000
  83.53688  -0.00000
  84.02540  -0.00000
  84.51392  -0.00000
  85.00244  -0.00000
  85.49096   0.00000
  85.97948   0.00000
  86.46800   0.00000
  86.95652   0.00000
  87.44504   0.00000
  87.93356   0.00000
  88.42208   0.00000
  88.91060   0.00000
  89.39912   0.00000
  89.88764   0.00000
  90.37616   0.00000
  90.86468   0.00000
  91.35320   0.00000
  91.84172   0.00000
  92.33024   0.00000
  92.81876   0.00000
  93.30728   0.00000
  93.79580   0.00000
  94.28432   0.00000
  94.77284   0.00000
  95.26136   0.00000
  95.74988   0.00000
  96.23840   0.00000
  96.72692   0.00000
  97.21544   0.00000
  97.70396   0.00000
  98.19248   0.00000
  98.68100   0.00000
  99.16952   0.00000
  99.65804   0.00000
 100.14656   0.00001
 100.63508   0.00000
 101.12360  -0.00001
 101.61212  -0.00002
 102.10064  -0.00004
 102.58915  -0.00005
 103.07767  -0.00007
 103.56619  -0.00009
 104.05471  -0.00010
 104.54323  -0.00012
 105.03175  -0.00014
 105.52027  -0.00016
 106.00879  -0.00017
 106.49731  -0.00019
 106.98583  -0.00020
 107.47435  -0.00022
 107.96287  -0.00023
 108.45139  -0.00024
 108.93991  -0.00025
 109.42843  -0.00026
 109.91695  -0.00026
 110.40547  -0.00026
 110.89399  -0.00026
 111.38251  -0.00025
 111.87103  -0.00024
 112.35955  -0.00023
 112.84807  -0.00021
 113.33659  -0.00019
 113.82511  -0.00017
 114.31363  -0.00014
 114.80215  -0.00011
 115.29067  -0.00008
 115.77919  -0.00004
 116.26771   0.00001
 116.75623   0.00005
 117.24475   0.00010
 117.73327   0.00015
 118.22179   0.00021
 118.71031   0.00026
 119.19883   0.00032
 119.68735   0.00038
 120.17587   0.00043
 120.66439   0.00049
 121.15291   0.00054
 121.64143   0.00060
 122.12995   0.00065
 122.61847   0.00069
 123.10699   0.00073
 123.59551   0.00077
 124.08403   0.00079
 124.57255   0.00082
 125.06106   0.00083
 125.54958   0.00083
 126.03810   0.00083
 126.52662   0.00082
 127.01514   0.00079
 127.50366   0.00076
 127.99218   0.00071
 128.48070   0.00065
 128.96922   0.00058
 129.45774   0.00050
 129.94626   0.00041
 130.43478   0.00031
 130.92330   0.00019
 131.41182   0.00007
 131.90034  -0.00006
 132.38886  -0.00020
 132.87738  -0.00035
 133.36590  -0.00050
 133.85442  -0.00065
 134.34294  -0.00081
 134.83146  -0.00097
 135.31998  -0.00113
 135.80850  -0.00129
 136.29702  -0.00144
 136.78554  -0.00159
 137.27406  -0.00172
 137.76258  -0.00185
 138.25110  -0.00196
 138.73962  -0.00206
 139.22814  -0.00214
 139.71666  -0.00220
 140.20518  -0.00224
 140.69370  -0.00226
 141.18222  -0.00225
 141.67074  -0.00222
 142.15926  -0.00217
 142.64778  -0.00208
 143.13630  -0.00197
 143.62482  -0.00183
 144.11334  -0.00166
 144.60186  -0.00146
 145.09038  -0.00123
 145.57890  -0.00098
 146.06742  -0.00071
 146.55594  -0.00041
 147.04446  -0.00009
 147.53298   0.00025
 148.02149   0.00061
 148.51001   0.00097
 148.99853   0.00135
 149.48705   0.00173
 149.97557   0.00211
 150.46409   0.00249
 150.95261   0.00287
 151.44113   0.00323
 151.92965   0.00357
 152.41817   0.00390
 152.90669   0.00420
 153.39521   0.00446
 153.88373   0.00470
 154.37225   0.00489
 154.86077   0.00504
 155.34929   0.00515
 155.83781   0.00520
 156.32633   0.00520
 156.81485   0.00514
 157.30337   0.00503
 157.79189   0.00485
 158.28041   0.00462
 158.76893   0.00432
 159.25745   0.00397
 159.74597   0.00355
 160.23449   0.00308
 160.72301   0.00256
 161.21153   0.00198
 161.70005   0.00135
 162.18857   0.00069
 162.67709  -0.00002
 163.16561  -0.00075
 163.65413  -0.00151
 164.14265  -0.00229
 164.63117  -0.00308
 165.11969  -0.00387
 165.60821  -0.00465
 166.09673  -0.00541
 166.58525  -0.00615
 167.07377  -0.00686
 167.56229  -0.00752
 168.05081  -0.00813
 168.53933  -0.00867
 169.02785  -0.00915
 169.51637  -0.00956
 170.00489  -0.00987
 170.49340  -0.01010
 170.98192  -0.01023
 171.47044  -0.01025
 171.95896  -0.01017
 172.44748  -0.00998
 172.93600  -0.00968
 173.42452  -0.00926
 173.91304  -0.00873
 174.40156  -0.00809
 174.89008  -0.00734
 175.37860  -0.00649
 175.86712  -0.00554
 176.35564  -0.00450
 176.84416  -0.00337
 177.33268  -0.00217
 177.82120  -0.00090
 178.30972   0.00042
 178.79824   0.00178
 179.28676   0.00317
 179.77528   0.00457
 180.26380   0.00598
 180.75232   0.00736
 181.24084   0.00872
 181.72936   0.01003
 182.21788   0.01128
 182.70640   0.01245
 183.19492   0.01353
 183.68344   0.01451
 184.17196   0.01536
 184.66048   0.01609
 185.14900   0.01666
 185.63752   0.01709
 186.12604   0.01735
 186.61456   0.01744
 187.10308   0.01735
 187.59160   0.01709
 188.08012   0.01663
 188.56864   0.01600
 189.05716   0.01518
 189.54568   0.01418
 190.03420   0.01301
 190.52272   0.01168
 191.01124   0.01018
 191.49976   0.00855
 191.98828   0.00678
 192.47680   0.00489
 192.96532   0.00291
 193.45383   0.00084
 193.94235  -0.00129
 194.43087  -0.00346
 194.91939  -0.00565
 195.40791  -0.00783
 195.89643  -0.00999
 196.38495  -0.01210
 196.87347  -0.01414
 197.36199  -0.01608
 197.85051  -0.01791
 198.33903  -0.01959
 198.82755  -0.02112
 199.31607  -0.02246
 199.80459  -0.02361
 200.29311  -0.02454
 200.78163  -0.02524
 201.27015  -0.02571
 201.75867  -0.02592
 202.24719  -0.02587
 202.73571  -0.02557
 203.22423  -0.02499
 203.71275  -0.02415
 204.20127  -0.02305
 204.68979  -0.02169
 205.17831  -0.02009
 205.66683  -0.01825
 206.15535  -0.01619
 206.64387  -0.01393
 207.13239  -0.01148
 207.62091  -0.00887
 208.10943  -0.00613
 208.59795  -0.00327
 209.08647  -0.00033
 209.57499   0.00267
 210.06351   0.00570
 210.55203   0.00872
 211.04055   0.01170
 211.52907   0.01462
 212.01759   0.01744
 212.50611   0.02013
 212.99463   0.02266
 213.48315   0.02501
 213.97167   0.02714
 214.46019   0.02903
 214.94871   0.03066
 215.43723   0.03201
 215.92574   0.03305
 216.41426   0.03378
 216.90278   0.03419
 217.39130   0.03425
 217.87982   0.03397
 218.36834   0.03335
 218.85686   0.03238
 219.34538   0.03108
 219.83390   0.02945
 220.32242   0.02750
 220.81094   0.02525
 221.29946   0.02272
 221.78798   0.01993
 222.27650   0.01691
 222.76502   0.01368
 223.25354   0.01027
 223.74206   0.00672
 224.23058   0.00306
 224.71910  -0.00067
 225.20762  -0.00444
 225.69614  -0.00821
 226.18466  -0.01193
 226.67318  -0.01558
 227.16170  -0.01911
 227.65022  -0.02249
 228.13874  -0.02568
 228.62726  -0.02865
 229.11578  -0.03136
 229.60430  -0.03379
 230.09282  -0.03590
 230.58134  -0.03768
 231.06986  -0.03910
 231.55838  -0.04014
 232.04690  -0.04079
 232.53542  -0.04104
 233.02394  -0.04089
 233.51246  -0.04033
 234.00098  -0.03936
 234.48950  -0.03800
 234.97802  -0.03624
 235.46654  -0.03411
 235.95506  -0.03163
 236.44358  -0.02881
 236.93210  -0.02568
 237.42062  -0.02228
 237.90914  -0.01863
 238.39766  -0.01477
 238.88617  -0.01073
 239.37469  -0.00656
 239.86321  -0.00230
 240.35173   0.00202
 240.84025   0.00634
 241.32877   0.01063
 241.81729   0.01484
 242.30581   0.01893
 242.79433   0.02286
 243.28285   0.02659
 243.77137   0.03007
 244.25989   0.03327
 244.74841   0.03617
 245.23693   0.03872
 245.72545   0.04091
 246.21397   0.04270
 246.70249   0.04407
 247.19101   0.04502
 247.67953   0.04553
 248.16805   0.04559
 248.65657   0.04520
 249.14509   0.04436
 249.63361   0.04308
 250.12213   0.04137
 250.61065   0.03924
 251.09917   0.03671
 251.58769   0.03381
 252.07621   0.03057
 252.56473   0.02701
 253.05325   0.02317
 253.54177   0.01909
 254.03029   0.01480
 254.51881   0.01035
 255.00733   0.00578
 255.49585   0.00114
 255.98437  -0.00352
 256.47289  -0.00817
 256.96141  -0.01276
 257.44993  -0.01723
 257.93845  -0.02154
 258.42697  -0.02566
 258.91549  -0.02953
 259.40401  -0.03313
 259.89253  -0.03641
 260.38105  -0.03934
 260.86957  -0.04189
 261.35809  -0.04403
 261.84660  -0.04575
 262.33512  -0.04702
 262.82364  -0.04782
 263.31216  -0.04816
 263.80068  -0.04803
 264.28920  -0.04742
 264.77772  -0.04635
 265.26624  -0.04481
 265.75476  -0.04283
 266.24328  -0.04043
 266.73180  -0.03762
 267.22032  -0.03444
 267.70884  -0.03091
 268.19736  -0.02708
 268.68588  -0.02296
 269.17440  -0.01862
 269.66292  -0.01409
 270.15144  -0.00940
 270.63996  -0.00462
 271.12848   0.00021
 271.61700   0.00505
 272.10552   0.00984
 272.59404   0.01455
 273.08256   0.01912
 273.57108   0.02351
 274.05960   0.02767
 274.54812   0.03156
 275.03664   0.03515
 275.52516   0.03840
 276.01368   0.04127
 276.50220   0.04375
 276.99072   0.04579
 277.47924   0.04739
 277.96776   0.04852
 278.45628   0.04918
 278.94480   0.04935
 279.43332   0.04904
 279.92184   0.04825
 280.41036   0.04698
 280.89888   0.04525
 281.38740   0.04308
 281.87592   0.04048
 282.36444   0.03748
 282.85296   0.03411
 283.34148   0.03040
 283.83000   0.02639
 284.31851   0.02212
 284.80703   0.01763
 285.29555   0.01296
 285.78407   0.00817
 286.27259   0.00329
 286.76111  -0.00163
 287.24963  -0.00653
 287.73815  -0.01137
 288.22667  -0.01610
 288.71519  -0.02068
 289.20371  -0.02505
 289.69223  -0.02918
 290.18075  -0.03303
 290.66927  -0.03655
 291.15779  -0.03972
 291.64631  -0.04249
 292.13483  -0.04485
 292.62335  -0.04678
 293.11187  -0.04824
 293.60039  -0.04923
 294.08891  -0.04974
 294.57743  -0.04976
 295.06595  -0.04929
 295.55447  -0.04834
 296.04299  -0.04691
 296.53151  -0.04502
 297.02003  -0.04269
 297.50855  -0.03994
 297.99707  -0.03680
 298.48559  -0.03330
 298.97411  -0.02947
 299.46263  -0.02534
 299.95115  -0.02097
 300.43967  -0.01643
 300.92819  -0.01168
 301.41671  -0.00682
 301.90523  -0.00188
 302.39375   0.00307
 302.88227   0.00799
 303.37079   0.01283
 303.85931   0.01755
 304.34783   0.02209
 304.83635   0.02642
 305.32487   0.03049
 305.81339   0.03426
 306.30191   0.03769
 306.79043   0.04076
 307.27894   0.04342
 307.76746   0.04566
 308.25598   0.04745
 308.74450   0.04878
 309.23302   0.04963
 309.72154   0.04999
 310.21006   0.04986
 310.69858   0.04924
 311.18710   0.04814
 311.67562   0.04656
 312.16414   0.04454
 312.65266   0.04207
 313.14118   0.03919
 313.62970   0.03593
 314.11822   0.03231
 314.60674   0.02838
 315.09526   0.02417
 315.58378   0.01972
 316.07230   0.01508
 316.56082   0.01029
 317.04934   0.00540
 317.53786   0.00046
 318.02638  -0.00449
 318.51490  -0.00939
 319.00342  -0.01420
 319.49194  -0.01888
 319.98046  -0.02336
 320.46898  -0.02762
 320.95750  -0.03161
 321.44602  -0.03528
 321.93454  -0.03862
 322.42306  -0.04157
 322.91158  -0.04411
 323.40010  -0.04622
 323.88862  -0.04788
 324.37714  -0.04907
 324.86566  -0.04978
 325.35418  -0.05000
 325.84270  -0.04973
 326.33122  -0.04897
 326.81974  -0.04773
 327.30826  -0.04603
 327.79678  -0.04387
 328.28530  -0.04128
 328.77382  -0.03829
 329.26234  -0.03492
 329.75085  -0.03121
 330.23937  -0.02719
 330.72789  -0.02291
 331.21641  -0.01840
 331.70493  -0.01371
 332.19345  -0.00889
 332.68197  -0.00398
 333.17049   0.00097
 333.65901   0.00591
 334.14753   0.01079
 334.63605   0.01557
 335.12457   0.02019
 335.61309   0.02462
 336.10161   0.02880
 336.59013   0.03270
 337.07865   0.03628
 337.56717   0.03951
 338.05569   0.04234
 338.54421   0.04477
 339.03273   0.04675
 339.52125   0.04827
 340.00977   0.04933
 340.49829   0.04989
 340.98681   0.04997
 341.47533   0.04956
 341.96385   0.04866
 342.45237   0.04729
 342.94089   0.04545
 343.42941   0.04317
 343.91793   0.04046
 344.40645   0.03735
 344.89497   0.03388
 345.38349   0.03008
 345.87201   0.02598
 346.36053   0.02163
 346.84905   0.01707
 347.33757   0.01233
 347.82609   0.00748
 348.31461   0.00255
 348.80313  -0.00240
 349.29165  -0.00732
 349.78017  -0.01218
 350.26869  -0.01692
 350.75721  -0.02149
 351.24573  -0.02585
 351.73425  -0.02995
 352.22277  -0.03377
 352.71128  -0.03725
 353.19980  -0.04036
 353.68832  -0.04309
 354.17684  -0.04538
 354.66536  -0.04724
 355.15388  -0.04863
 355.64240  -0.04954
 356.13092  -0.04997
 356.61944  -0.04990
 357.10796  -0.04935
 357.59648  -0.04831
 358.08500  -0.04680
 358.57352  -0.04484
 359.06204  -0.04243
 359.55056  -0.03960
 360.03908  -0.03639
 360.52760  -0.03282
 361.01612  -0.02893
 361.50464  -0.02475
 361.99316  -0.02033
 362.48168  -0.01572
 362.97020  -0.01095
 363.45872  -0.00607
 363.94724  -0.00113
 364.43576   0.00382
 364.92428   0.00873
 365.41280   0.01356
 365.90132   0.01825
 366.38984   0.02277
 366.87836   0.02706
 367.36688   0.03108
 367.85540   0.03481
 368.34392   0.03819
 368.83244   0.04119
 369.32096   0.04379
 369.80948   0.04596
 370.29800   0.04768
 370.78652   0.04894
 371.27504   0.04971
 371.76356   0.05000
 372.25208   0.04979
 372.74060   0.04910
 373.22912   0.04793
 373.71764   0.04628
 374.20616   0.04419
 374.69468   0.04165
 375.18319   0.03872
 375.67171   0.03540
 376.16023   0.03173
 376.64875   0.02775
 377.13727   0.02350
 377.62579   0.01902
 378.11431   0.01436
 378.60283   0.00955
 379.09135   0.00465
 379.57987  -0.00030
 380.06839  -0.00524
 380.55691  -0.01014
 381.04543  -0.01493
 381.53395  -0.01957
 382.02247  -0.02403
 382.51099  -0.02825
 382.99951  -0.03219
 383.48803  -0.03582
 383.97655  -0.03909
 384.46507  -0.04198
 384.95359  -0.04446
 385.44211  -0.04651
 385.93063  -0.04809
 386.41915  -0.04921
 386.90767  -0.04984
 387.39619  -0.04999
 387.88471  -0.04964
 388.37323  -0.04881
 388.86175  -0.04750
 389.35027  -0.04573
 389.83879  -0.04350
 390.32731  -0.04085
 390.81583  -0.03780
 391.30435  -0.03437
 391.79287  -0.03061
 392.28139  -0.02655
 392.76991  -0.02223
 393.25843  -0.01769
 393.74695  -0.01298
 394.23547  -0.00814
 394.72399  -0.00322
 395.21251   0.00173
 395.70103   0.00666
 396.18955   0.01153
 396.67807   0.01628
 397.16659   0.02088
 397.65511   0.02527
 398.14362   0.02941
 398.63214   0.03327
 399.12066   0.03680
 399.60918   0.03997
 400.09770   0.04274
 400.58622   0.04510
 401.07474   0.04701
 401.56326   0.04847
 402.05178   0.04944
 402.54030   0.04994
 403.02882   0.04994
 403.51734   0.04945
 404.00586   0.04848
 404.49438   0.04704
 404.98290   0.04513
 405.47142   0.04278
 405.95994   0.04001
 406.44846   0.03685
 406.93698   0.03332
 407.42550   0.02947
 407.91402   0.02533
 408.40254   0.02095
 408.89106   0.01635
 409.37958   0.01160
 409.86810   0.00673
 410.35662   0.00180
 410.84514  -0.00315
 411.33366  -0.00807
 411.82218  -0.01291
 412.31070  -0.01763
 412.79922  -0.02217
 413.28774  -0.02649
 413.77626  -0.03056
 414.26478  -0.03432
 414.75330  -0.03775
 415.24182  -0.04081
 415.73034  -0.04346
 416.21886  -0.04570
 416.70738  -0.04748
 417.19590  -0.04880
 417.68442  -0.04964
 418.17294  -0.04999
 418.66146  -0.04985
 419.14998  -0.04922
 419.63850  -0.04811
 420.12702  -0.04653
 420.61553  -0.04450
 421.10405  -0.04202
 421.59257  -0.03914
 422.08109  -0.03587
 422.56961  -0.03225
 423.05813  -0.02831
 423.54665  -0.02409
 424.03517  -0.01964
 424.52369  -0.01500
 425.01221  -0.01021
 425.50073  -0.00532
 425.98925  -0.00037
 426.47777   0.00458
 426.96629   0.00948
 427.45481   0.01429
 427.94333   0.01896
 428.43185   0.02344
 428.92037   0.02769
 429.40889   0.03167
 429.89741   0.03534
 430.38593   0.03867
 430.87445   0.04161
 431.36297   0.04415
 431.85149   0.04626
 432.34001   0.04791
 432.82853   0.04909
 433.31705   0.04979
 433.80557   0.05000
 434.29409   0.04972
 434.78261   0.04895
 435.27113   0.04771
 435.75965   0.04599
 436.24817   0.04383
 436.73669   0.04123
 437.22521   0.03823
 437.71373   0.03486
 438.20225   0.03114
 438.69077   0.02712
 439.17929   0.02283
 439.66781   0.01832
 440.15633   0.01363
 440.64485   0.00880
 441.13337   0.00389
 441.62189  -0.00106
 442.11041  -0.00599
 442.59893  -0.01087
 443.08745  -0.01565
 443.57596  -0.02027
 444.06448  -0.02469
 444.55300  -0.02887
 445.04152  -0.03277
 445.53004  -0.03634
 446.01856  -0.03956
 446.50708  -0.04239
 446.99560  -0.04480
 447.48412  -0.04678
 447.97264  -0.04830
 448.46116  -0.04934
 448.94968  -0.04990
 449.43820  -0.04997
 449.92672  -0.04955
 450.41524  -0.04864
 450.90376  -0.04726
 451.39228  -0.04541
 451.88080  -0.04312
 452.36932  -0.04041
 452.85784  -0.03730
 453.34636  -0.03382
 453.83488  -0.03001
 454.32340  -0.02591
 454.81192  -0.02155
 455.30044  -0.01699
 455.78896  -0.01225
 456.27748  -0.00740
 456.76600  -0.00247
 457.25452   0.00248
 457.74304   0.00741
 458.23156   0.01226
 458.72008   0.01700
 459.20860   0.02156
 459.69712   0.02592
 460.18564   0.03002
 460.67416   0.03383
 461.16268   0.03731
 461.65120   0.04042
 462.13972   0.04313
 462.62824   0.04542
 463.11676   0.04726
 463.60528   0.04865
 464.09380   0.04955
 464.58232   0.04997
 465.07084   0.04990
 465.55936   0.04934
 466.04787   0.04829
 466.53639   0.04677
 467.02491   0.04480
 467.51343   0.04238
 468.00195   0.03955
 468.49047   0.03633
 468.97899   0.03276
 469.46751   0.02886
 469.95603   0.02468
 470.44455   0.02026
 470.93307   0.01564
 471.42159   0.01086
 471.91011   0.00598
 472.39863   0.00104
 472.88715  -0.00391
 473.37567  -0.00882
 473.86419  -0.01364
 474.35271  -0.01833
 474.84123  -0.02284
 475.32975  -0.02713
 475.81827  -0.03115
 476.30679  -0.03487
 476.79531  -0.03824
 477.28383  -0.04124
 477.77235  -0.04383
 478.26087  -0.04600
 478.74939  -0.04771
 479.23791  -0.04896
 479.72643  -0.04972
 480.21495  -0.05000
 480.70347  -0.04979
 481.19199  -0.04909
 481.68051  -0.04790
 482.16903  -0.04625
 482.65755  -0.04415
 483.14607  -0.04161
 483.63459  -0.03866
 484.12311  -0.03534
 484.61163  -0.03166
 485.10015  -0.02768
 485.58867  -0.02343
 486.07719  -0.01894
 486.56571  -0.01427
 487.05423  -0.00946
 487.54275  -0.00456
 488.03127   0.00038
 488.51979   0.00533
 489.00830   0.01022
 489.49682   0.01501
 489.98534   0.01965
 490.47386   0.02410
 490.96238   0.02832
 491.45090   0.03226
 491.93942   0.03588
 492.42794   0.03914
 492.91646   0.04203
 493.40498   0.04450
 493.89350   0.04654
 494.38202   0.04812
 494.87054   0.04923
 495.35906   0.04985
 495.84758   0.04999
 496.33610   0.04963
 496.82462   0.04879
 497.31314   0.04747
 497.80166   0.04569
 498.29018   0.04346
 498.77870   0.04080
 499.26722   0.03774
 499.75574   0.03431
 500.24426   0.03055
 500.73278   0.02648
 501.22130   0.02216
 501.70982   0.01761
 502.19834   0.01290
 502.68686   0.00806
 503.17538   0.00314
 503.66390  -0.00181
 504.15242  -0.00674
 504.64094  -0.01161
 505.12946  -0.01636
 505.61798  -0.02096
 506.10650  -0.02534
 506.59502  -0.02948
 507.08354  -0.03333
 507.57206  -0.03686
 508.06058  -0.04002
 508.54910  -0.04279
 509.03762  -0.04513
 509.52614  -0.04704
 510.01466  -0.04849
 510.50318  -0.04946
 510.99170  -0.04994
 511.48021  -0.04994
 511.96873  -0.04944
 512.45725  -0.04846
 512.94577  -0.04701
 513.43429  -0.04509
 513.92281  -0.04273
 514.41133  -0.03996
 514.89985  -0.03679
 515.38837  -0.03326
 515.87689  -0.02940
 516.36541  -0.02526
 516.85393  -0.02087
 517.34245  -0.01627
 517.83097  -0.01152
 518.31949  -0.00665
 518.80801  -0.00171
 519.29653   0.00324
 519.78505   0.00816
 520.27357   0.01300
 520.76209   0.01771
 521.25061   0.02224
 521.73913   0.02656
 522.22765   0.03062
 522.71617   0.03438
 523.20469   0.03780
 523.69321   0.04086
 524.18173   0.04351
 524.67025   0.04573
 525.15877   0.04751
 525.64729   0.04882
 526.13581   0.04965
 526.62433   0.04999
 527.11285   0.04984
 527.60137   0.04921
 528.08989   0.04809
 528.57841   0.04650
 529.06693   0.04446
 529.55545   0.04198
 530.04397   0.03908
 530.53249   0.03581
 531.02101   0.03218
 531.50953   0.02824
 531.99805   0.02402
 532.48657   0.01956
 532.97509   0.01492
 533.46361   0.01012
 533.95213   0.00523
 534.44064   0.00029
 534.92916  -0.00466
 535.41768  -0.00956
 535.90620  -0.01437
 536.39472  -0.01903
 536.88324  -0.02351
 537.37176  -0.02776
 537.86028  -0.03174
 538.34880  -0.03541
 538.83732  -0.03872
 539.32584  -0.04166
 539.81436  -0.04419
 540.30288  -0.04629
 540.79140  -0.04793
 541.27992  -0.04910
 541.76844  -0.04980
 542.25696  -0.05000
 542.74548  -0.04971
 543.23400  -0.04894
 543.72252  -0.04768
 544.21104  -0.04596
 544.69956  -0.04379
 545.18808  -0.04118
 545.67660  -0.03818
 546.16512  -0.03480
 546.65364  -0.03107
 547.14216  -0.02705
 547.63068  -0.02276
 548.11920  -0.01824
 548.60772  -0.01355
 549.09624  -0.00872
 549.58476  -0.00381
 550.07328   0.00114
 550.56180   0.00608
 551.05032   0.01096
 551.53884   0.01573
 552.02736   0.02035
 552.51588   0.02476
 553.00440   0.02894
 553.49292   0.03283
 553.98144   0.03640
 554.46996   0.03961
 554.95848   0.04243
 555.44700   0.04484
 555.93552   0.04681
 556.42404   0.04832
 556.91255   0.04935
 557.40107   0.04990
 557.88959   0.04997
 558.37811   0.04954
 558.86663   0.04862
 559.35515   0.04723
 559.84367   0.04538
 560.33219   0.04308
 560.82071   0.04036
 561.30923   0.03724
 561.79775   0.03376
 562.28627   0.02994
 562.77479   0.02584
 563.26331   0.02148
 563.75183   0.01691
 564.24035   0.01217
 564.72887   0.00731
 565.21739   0.00238
 565.70591  -0.00257
 566.19443  -0.00749
 566.68295  -0.01235
 567.17147  -0.01708
 567.65999  -0.02164
 568.14851  -0.02599
 568.63703  -0.03009
 569.12555  -0.03389
 569.61407  -0.03736
 570.10259  -0.04047
 570.59111  -0.04317
 571.07963  -0.04545
 571.56815  -0.04729
 572.05667  -0.04867
 572.54519  -0.04956
 573.03371  -0.04997
 573.52223  -0.04989
 574.01075  -0.04932
 574.49927  -0.04827
 574.98779  -0.04674
 575.47631  -0.04476
 575.96483  -0.04234
 576.45335  -0.03950
 576.94187  -0.03627
 577.43039  -0.03269
 577.91891  -0.02879
 578.40743  -0.02460
 578.89595  -0.02018
 579.38447  -0.01555
 579.87298  -0.01078
 580.36150  -0.00590
 580.85002  -0.00096
 581.33854   0.00399
 581.82706   0.00890
 582.31558   0.01372
 582.80410   0.01841
 583.29262   0.02292
 583.78114   0.02720
 584.26966   0.03122
 584.75818   0.03493
 585.24670   0.03830
 585.73522   0.04129
 586.22374   0.04387
 586.71226   0.04603
 587.20078   0.04774
 587.68930   0.04897
 588.17782   0.04973
 588.66634   0.05000
 589.15486   0.04978
 589.64338   0.04907
 590.13190   0.04788
 590.62042   0.04622
 591.10894   0.04411
 591.59746   0.04156
 592.08598   0.03861
 592.57450   0.03528
 593.06302   0.03160
 593.55154   0.02761
 594.04006   0.02335
 594.52858   0.01886
 595.01710   0.01419
 595.50562   0.00938
 595.99414   0.00448
 596.48266  -0.00047
 596.97118  -0.00541
 597.45970  -0.01030
 597.94822  -0.01509
 598.43674  -0.01973
 598.92526  -0.02418
 599.41378  -0.02839
 599.90230  -0.03232
 600.39082  -0.03594
 600.87934  -0.03920
 601.36786  -0.04208
 601.85638  -0.04454
 602.34489  -0.04657
 602.83341  -0.04814
 603.32193  -0.04924
 603.81045  -0.04986
 604.29897  -0.04999
 604.78749  -0.04962
 605.27601  -0.04878
 605.76453  -0.04745
 606.25305  -0.04566
 606.74157  -0.04342
 607.23009  -0.04075
 607.71861  -0.03768
 608.20713  -0.03425
 608.69565  -0.03048
 609.18417  -0.02641
 609.67269  -0.02208
 610.16121  -0.01753
 610.64973  -0.01282
 611.13825  -0.00797
 611.62677  -0.00305
 612.11529   0.00190
 612.60381   0.00683
 613.09233   0.01169
 613.58085   0.01645
 614.06937   0.02104
 614.55789   0.02542
 615.04641   0.02955
 615.53493   0.03340
 616.02345   0.03691
 616.51197   0.04007
 617.00049   0.04283
 617.48901   0.04517
 617.97753   0.04707
 618.46605   0.04851
 618.95457   0.04947
 619.44309   0.04995
 619.93161   0.04993
 620.42013   0.04943
 620.90865   0.04844
 621.39717   0.04698
 621.88569   0.04506
 622.37421   0.04269
 622.86273   0.03991
 623.35125   0.03673
 623.83977   0.03320
 624.32829   0.02933
 624.81681   0.02519
 625.30532   0.02079
 625.79384   0.01619
 626.28236   0.01143
 626.77088   0.00656
 627.25940   0.00163
 627.74792  -0.00332
 628.23644  -0.00824
 628.72496  -0.01308
 629.21348  -0.01779
 629.70200  -0.02232
 630.19052  -0.02664
 630.67904  -0.03069
 631.16756  -0.03444
 631.65608  -0.03786
 632.14460  -0.04091
 632.63312  -0.04355
 633.12164  -0.04576
 633.61016  -0.04753
 634.09868  -0.04883
 634.58720  -0.04966
 635.07572  -0.04999
 635.56424  -0.04984
 636.05276  -0.04919
 636.54128  -0.04807
 637.02980  -0.04647
 637.51832  -0.04442
 638.00684  -0.04193
 638.49536  -0.03903
 638.98388  -0.03575
 639.47240  -0.03211
 639.96092  -0.02817
 640.44944  -0.02394
 640.93796  -0.01948
 641.42648  -0.01483
 641.91500  -0.01004
 642.40352  -0.00515
 642.89204  -0.00020
 643.38056   0.00475
 643.86908   0.00964
 644.35760   0.01445
 644.84612   0.01911
 645.33464   0.02359
 645.82316   0.02783
 646.31168   0.03181
 646.80020   0.03547
 647.28872   0.03878
 647.77723   0.04171
 648.26575   0.04423
 648.75427   0.04632
 649.24279   0.04796
 649.73131   0.04912
 650.21983   0.04980
 650.70835   0.05000
 651.19687   0.04970
 651.68539   0.04892
 652.17391   0.04766
 652.66243   0.04593
 653.15095   0.04374
 653.63947   0.04113
 654.12799   0.03812
 654.61651   0.03474
 655.10503   0.03101
 655.59355   0.02698
 656.08207   0.02268
 656.57059   0.01816
 657.05911   0.01347
 657.54763   0.00864
 658.03615   0.00372
 658.52467  -0.00123
 659.01319  -0.00616
 659.50171  -0.01104
 659.99023  -0.01581
 660.47875  -0.02042
 660.96727  -0.02484
 661.45579  -0.02901
 661.94431  -0.03289
 662.43283  -0.03646
 662.92135  -0.03966
 663.40987  -0.04248
 663.89839  -0.04488
 664.38691  -0.04684
 664.87543  -0.04834
 665.36395  -0.04937
 665.85247  -0.04991
 666.34099  -0.04996
 666.82951  -0.04953
 667.31803  -0.04860
 667.80655  -0.04720
 668.29507  -0.04534
 668.78359  -0.04304
 669.27211  -0.04031
 669.76063  -0.03718
 670.24915  -0.03369
 670.73766  -0.02988
 671.22618  -0.02576
 671.71470  -0.02140
 672.20322  -0.01682
 672.69174  -0.01209
 673.18026  -0.00723
 673.66878  -0.00230
 674.15730   0.00265
 674.64582   0.00758
 675.13434   0.01243
 675.62286   0.01716
 676.11138   0.02172
 676.59990   0.02607
 677.08842   0.03016
 677.57694   0.03396
 678.06546   0.03742
 678.55398   0.04052
 679.04250   0.04321
 679.53102   0.04549
 680.01954   0.04732
 680.50806   0.04869
 680.99658   0.04957
 681.48510   0.04997
 681.97362   0.04989
 682.46214   0.04931
 682.95066   0.04825
 683.43918   0.04671
 683.92770   0.04472
 684.41622   0.04229
 684.90474   0.03945
 685.39326   0.03621
 685.88178   0.03263
 686.37030   0.02872
 686.85882   0.02453
 687.34734   0.02010
 687.83586   0.01547
 688.32438   0.01070
 688.81290   0.00581
 689.30142   0.00087
 689.78994  -0.00408
 690.27846  -0.00899
 690.76698  -0.01381
 691.25550  -0.01849
 691.74402  -0.02300
 692.23254  -0.02727
 692.72106  -0.03129
 693.20957  -0.03499
 693.69809  -0.03835
 694.18661  -0.04134
 694.67513  -0.04392
 695.16365  -0.04606
 695.65217  -0.04776
 696.14069  -0.04899
 696.62921  -0.04974
 697.11773  -0.05000
 697.60625  -0.04977
 698.09477  -0.04905
 698.58329  -0.04785
 699.07181  -0.04619
 699.56033  -0.04407
 700.04885  -0.04142
 700.53737  -0.03846
 701.02589  -0.03512
 701.51441  -0.03145
 702.00293  -0.02746
 702.49145  -0.02321
 702.97997  -0.01873
 703.46849  -0.01407
 703.95701  -0.00927
 704.44553  -0.00438
 704.93405   0.00055
 705.42257   0.00548
 705.91109   0.01035
 706.39961   0.01511
 706.88813   0.01973
 707.37665   0.02415
 707.86517   0.02833
 708.35369   0.03223
 708.84221   0.03582
 709.33073   0.03905
 709.81925   0.04190
 710.30777   0.04433
 710.79629   0.04633
 711.28481   0.04787
 711.77333   0.04895
 712.26185   0.04954
 712.75037   0.04964
 713.23889   0.04926
 713.72741   0.04840
 714.21593   0.04706
 714.70445   0.04526
 715.19297   0.04302
 715.68149   0.04035
 716.17000   0.03729
 716.65852   0.03387
 717.14704   0.03012
 717.63556   0.02608
 718.12408   0.02178
 718.61260   0.01727
 719.10112   0.01259
 719.58964   0.00780
 720.07816   0.00293
 720.56668  -0.00196
 721.05520  -0.00683
 721.54372  -0.01162
 722.03224  -0.01630
 722.52076  -0.02081
 723.00928  -0.02512
 723.49780  -0.02917
 723.98632  -0.03293
 724.47484  -0.03637
 724.96336  -0.03944
 725.45188  -0.04212
 725.94040  -0.04439
 726.42892  -0.04622
 726.91744  -0.04759
 727.40596  -0.04849
 727.89448  -0.04892
 728.38300  -0.04886
 728.87152  -0.04832
 729.36004  -0.04731
 729.84856  -0.04584
 730.33708  -0.04392
 730.82560  -0.04157
 731.31412  -0.03882
 731.80264  -0.03569
 732.29116  -0.03221
 732.77968  -0.02843
 733.26820  -0.02437
 733.75672  -0.02008
 734.24524  -0.01560
 734.73376  -0.01098
 735.22228  -0.00626
 735.71080  -0.00149
 736.19932   0.00329
 736.68784   0.00802
 737.17636   0.01266
 737.66488   0.01717
 738.15340   0.02150
 738.64191   0.02561
 739.13043   0.02945
 739.61895   0.03299
 740.10747   0.03621
 740.59599   0.03905
 741.08451   0.04151
 741.57303   0.04355
 742.06155   0.04515
 742.55007   0.04631
 743.03859   0.04701
 743.52711   0.04724
 744.01563   0.04701
 744.50415   0.04631
 744.99267   0.04517
 745.48119   0.04358
 745.96971   0.04157
 746.45823   0.03916
 746.94675   0.03638
 747.43527   0.03324
 747.92379   0.02979
 748.41231   0.02607
 748.90083   0.02210
 749.38935   0.01793
 749.87787   0.01360
 750.36639   0.00916
 750.85491   0.00464
 751.34343   0.00011
 751.83195  -0.00441
 752.32047  -0.00887
 752.80899  -0.01321
 753.29751  -0.01740
 753.78603  -0.02140
 754.27455  -0.02517
 754.76307  -0.02867
 755.25159  -0.03187
 755.74011  -0.03474
 756.22863  -0.03725
 756.71715  -0.03938
 757.20567  -0.04111
 757.69419  -0.04243
 758.18271  -0.04332
 758.67123  -0.04377
 759.15975  -0.04380
 759.64827  -0.04339
 760.13679  -0.04255
 760.62531  -0.04131
 761.11383  -0.03966
 761.60234  -0.03764
 762.09086  -0.03526
 762.57938  -0.03255
 763.06790  -0.02954
 763.55642  -0.02626
 764.04494  -0.02275
 764.53346  -0.01903
 765.02198  -0.01517
 765.51050  -0.01118
 765.99902  -0.00711
 766.48754  -0.00301
 766.97606   0.00108
 767.46458   0.00513
 767.95310   0.00910
 768.44162   0.01294
 768.93014   0.01661
 769.41866   0.02009
 769.90718   0.02334
 770.39570   0.02633
 770.88422   0.02903
 771.37274   0.03141
 771.86126   0.03346
 772.34978   0.03517
 772.83830   0.03650
 773.32682   0.03747
 773.81534   0.03805
 774.30386   0.03825
 774.79238   0.03807
 775.28090   0.03752
 775.76942   0.03660
 776.25794   0.03534
 776.74646   0.03374
 777.23498   0.03182
 777.72350   0.02962
 778.21202   0.02714
 778.70054   0.02444
 779.18906   0.02152
 779.67758   0.01843
 780.16610   0.01519
 780.65462   0.01185
 781.14314   0.00844
 781.63166   0.00499
 782.12018   0.00153
 782.60870  -0.00189
 783.09722  -0.00524
 783.58574  -0.00849
 784.07426  -0.01162
 784.56277  -0.01458
 785.05129  -0.01735
 785.53981  -0.01991
 786.02833  -0.02224
 786.51685  -0.02430
 787.00537  -0.02610
 787.49389  -0.02761
 787.98241  -0.02882
 788.47093  -0.02973
 788.95945  -0.03032
 789.44797  -0.03061
 789.93649  -0.03059
 790.42501  -0.03026
 790.91353  -0.02965
 791.40205  -0.02875
 791.89057  -0.02758
 792.37909  -0.02615
 792.86761  -0.02450
 793.35613  -0.02263
 793.84465  -0.02058
 794.33317  -0.01835
 794.82169  -0.01599
 795.31021  -0.01352
 795.79873  -0.01096
 796.28725  -0.00834
 796.77577  -0.00569
 797.26429  -0.00304
 797.75281  -0.00041
 798.24133   0.00216
 798.72985   0.00466
 799.21837   0.00707
 799.70689   0.00935
 800.19541   0.01148
 800.68393   0.01346
 801.17245   0.01526
 801.66097   0.01687
 802.14949   0.01827
 802.63801   0.01946
 803.12653   0.02043
 803.61505   0.02117
 804.10357   0.02169
 804.59209   0.02197
 805.08061   0.02203
 805.56913   0.02187
 806.05765   0.02150
 806.54617   0.02092
 807.03468   0.02014
 807.52320   0.01919
 808.01172   0.01807
 808.50024   0.01679
 808.98876   0.01539
 809.47728   0.01386
 809.96580   0.01224
 810.45432   0.01054
 810.94284   0.00878
 811.43136   0.00698
 811.91988   0.00516
 812.40840   0.00334
 812.89692   0.00154
 813.38544  -0.00023
 813.87396  -0.00194
 814.36248  -0.00358
 814.85100  -0.00514
 815.33952  -0.00661
 815.82804  -0.00796
 816.31656  -0.00919
 816.80508  -0.01030
 817.29360  -0.01126
 817.78212  -0.01209
 818.27064  -0.01276
 818.75916  -0.01329
 819.24768  -0.01367
 819.73620  -0.01389
 820.22472  -0.01398
 820.71324  -0.01391
 821.20176  -0.01371
 821.69028  -0.01338
 822.17880  -0.01293
 822.66732  -0.01236
 823.15584  -0.01168
 823.64436  -0.01091
 824.13288  -0.01006
 824.62140  -0.00913
 825.10992  -0.00815
 825.59844  -0.00712
 826.08696  -0.00605
 826.57548  -0.00496
 827.06400  -0.00386
 827.55252  -0.00276
 828.04104  -0.00167
 828.52956  -0.00061
 829.01808   0.00043
 829.50660   0.00141
 829.99511   0.00235
 830.48363   0.00323
 830.97215   0.00404
 831.46067   0.00477
 831.94919   0.00544
 832.43771   0.00602
 832.92623   0.00651
 833.41475   0.00692
 833.90327   0.00724
 834.39179   0.00748
 834.88031   0.00763
 835.36883   0.00770
 835.85735   0.00768
 836.34587   0.00759
 836.83439   0.00743
 837.32291   0.00719
 837.81143   0.00689
 838.29995   0.00654
 838.78847   0.00613
 839.27699   0.00568
 839.76551   0.00519
 840.25403   0.00467
 840.74255   0.00412
 841.23107   0.00356
 841.71959   0.00298
 842.20811   0.00240
 842.69663   0.00182
 843.18515   0.00125
 843.67367   0.00069
 844.16219   0.00015
 844.65071  -0.00036
 845.13923  -0.00085
 845.62775  -0.00130
 846.11627  -0.00172
 846.60479  -0.00211
 847.09331  -0.00245
 847.58183  -0.00275
 848.07035  -0.00301
 848.55887  -0.00322
 849.04739  -0.00339
 849.53591  -0.00352
 850.02443  -0.00360
 850.51295  -0.00364
 851.00147  -0.00364
 851.48999  -0.00361
 851.97851  -0.00354
 852.46702  -0.00343
 852.95554  -0.00330
 853.44406  -0.00314
 853.93258  -0.00295
 854.42110  -0.00274
 854.90962  -0.00252
 855.39814  -0.00228
 855.88666  -0.00203
 856.37518  -0.00177
 856.86370  -0.00151
 857.35222  -0.00125
 857.84074  -0.00098
 858.32926  -0.00073
 858.81778  -0.00047
 859.30630  -0.00023
 859.79482  -0.00000
 860.28334   0.00022
 860.77186   0.00042
 861.26038   0.00061
 861.74890   0.00078
 862.23742   0.00093
 862.72594   0.00106
 863.21446   0.00118
 863.70298   0.00127
 864.19150   0.00135
 864.68002   0.00141
 865.16854   0.00145
 865.65706   0.00147
 866.14558   0.00147
 866.63410   0.00146
 867.12262   0.00144
 867.61114   0.00140
 868.09966   0.00134
 868.58818   0.00128
 869.07670   0.00121
 869.56522   0.00113
 870.05374   0.00104
 870.54226   0.00094
 871.03078   0.00085
 871.51930   0.00075
 872.00782   0.00064
 872.49634   0.00054
 872.98486   0.00044
 873.47338   0.00034
 873.96190   0.00024
 874.45042   0.00015
 874.93894   0.00006
 875.42745  -0.00002
 875.91597  -0.00010
 876.40449  -0.00017
 876.89301  -0.00024
 877.38153  -0.00029
 877.87005  -0.00035
 878.35857  -0.00039
 878.84709  -0.00042
 879.33561  -0.00045
 879.82413  -0.00048
 880.31265  -0.00049
 880.80117  -0.00050
 881.28969  -0.00050
 881.77821  -0.00050
 882.26673  -0.00049
 882.75525  -0.00048
 883.24377  -0.00046
 883.73229  -0.00044
 884.22081  -0.00042
 884.70933  -0.00039
 885.19785  -0.00036
 885.68637  -0.00033
 886.17489  -0.00030
 886.66341  -0.00026
 887.15193  -0.00023
 887.64045  -0.00020
 888.12897  -0.00016
 888.61749  -0.00013
 889.10601  -0.00010
 889.59453  -0.00007
 890.08305  -0.00004
 890.57157  -0.00001
 891.06009   0.00001
 891.54861   0.00004
 892.03713   0.00006
 892.52565   0.00008
 893.01417   0.00009
 893.50269   0.00011
 893.99121   0.00012
 894.47973   0.00013
 894.96825   0.00014
 895.45677   0.00014
 895.94529   0.00014
 896.43381   0.00015
 896.92233   0.00014
 897.41085   0.00014
 897.89936   0.00014
 898.38788   0.00013
 898.87640   0.00013
 899.36492   0.00012
 899.85344   0.00011
 900.34196   0.00000
 900.83048   0.00000
 901.31900   0.00000
 901.80752   0.00000
 902.29604   0.00000
 902.78456   0.00000
 903.27308   0.00000
 903.76160   0.00000
 904.25012   0.00000
 904.73864   0.00000
 905.22716   0.00000
 905.71568   0.00000
 906.20420   0.00000
 906.69272   0.00000
 907.18124   0.00000
 907.66976   0.00000
 908.15828   0.00000
 908.64680   0.00000
 909.13532   0.00000
 909.62384   0.00000
 910.11236   0.00000
 910.60088   0.00000
 911.08940   0.00000
 911.57792   0.00000
 912.06644   0.00000
 912.55496   0.00000
 913.04348   0.00000
 913.53200   0.00000
 914.02052  -0.00000
 914.50904  -0.00000
 914.99756  -0.00000
 915.48608  -0.00000
 915.97460  -0.00000
 916.46312  -0.00000
 916.95164  -0.00000
 917.44016  -0.00000
 917.92868  -0.00000
 918.41720  -0.00000
 918.90572  -0.00000
 919.39424  -0.00000
 919.88276  -0.00000
 920.37128  -0.00000
 920.85979  -0.00000
 921.34831  -0.00000
 921.83683   0.00000
 922.32535   0.00000
 922.81387   0.00000
 923.30239   0.00000
 923.79091   0.00000
 924.27943   0.00000
 924.76795   0.00000
 925.25647   0.00000
 925.74499   0.00000
 926.23351   0.00000
 926.72203   0.00000
 927.21055   0.00000
 927.69907   0.00000
 928.18759   0.00000
 928.67611   0.00000
 929.16463   0.00000
 929.65315   0.00000
 930.14167   0.00000
 930.63019   0.00000
 931.11871   0.00000
 931.60723   0.00000
 932.09575   0.00000
 932.58427   0.00000
 933.07279   0.00000
 933.56131   0.00000
 934.04983   0.00000
 934.53835   0.00000
 935.02687   0.00000
 935.51539   0.00000
 936.00391   0.00000
 936.49243   0.00000
 936.98095   0.00000
 937.46947   0.00000
 937.95799   0.00000
 938.44651   0.00000
 938.93503   0.00000
 939.42355   0.00000
 939.91207   0.00000
 940.40059   0.00000
 940.88911   0.00000
 941.37763   0.00000
 941.86615   0.00000
 942.35467   0.00000
 942.84319   0.00000
 943.33170   0.00000
 943.82022   0.00000
 944.30874   0.00000
 944.79726   0.00000
 945.28578  -0.00000
 945.77430  -0.00000
 946.26282  -0.00000
 946.75134  -0.00000
 947.23986  -0.00000
 947.72838  -0.00000
 948.21690  -0.00000
 948.70542  -0.00000
 949.19394  -0.00000
 949.68246  -0.00000
 950.17098  -0.00000
 950.65950  -0.00000
 951.14802  -0.00000
 951.63654  -0.00000
 952.12506  -0.00000
 952.61358  -0.00000
 953.10210   0.00000
 953.59062   0.00000
 954.07914   0.00000
 954.56766   0.00000
 955.05618   0.00000
 955.54470   0.00000
 956.03322   0.00000
 956.52174   0.00000
 957.01026   0.00000
 957.49878   0.00000
 957.98730   0.00000
 958.47582   0.00000
 958.96434   0.00000
 959.45286   0.00000
 959.94138   0.00000
 960.42990   0.00000
 960.91842   0.00000
 961.40694   0.00000
 961.89546   0.00000
 962.38398   0.00000
 962.87250   0.00000
 963.36102   0.00000
 963.84954   0.00000
 964.33806   0.00000
 964.82658   0.00000
 965.31510   0.00000
 965.80362   0.00000
 966.29213   0.00000
 966.78065   0.00000
 967.26917   0.00000
 967.75769   0.00000
 968.24621   0.00000
 968.73473   0.00000
 969.22325   0.00000
 969.71177   0.00000
 970.20029   0.00000
 970.68881   0.00000
 971.17733   0.00000
 971.66585   0.00000
 972.15437   0.00000
 972.64289   0.00000
 973.13141   0.00000
 973.61993   0.00000
 974.10845   0.00000
 974.59697   0.00000
 975.08549   0.00000
 975.57401   0.00000
 976.06253  -0.00000
 976.55105  -0.00000
 977.03957  -0.00000
 977.52809  -0.00000
 978.01661  -0.00000
 978.50513  -0.00000
 978.99365  -0.00000
 979.48217  -0.00000
 979.97069  -0.00000
 980.45921  -0.00000
 980.94773  -0.00000
 981.43625  -0.00000
 981.92477  -0.00000
 982.41329  -0.00000
 982.90181  -0.00000
 983.39033  -0.00000
 983.87885   0.00000
 984.36737   0.00000
 984.85589   0.00000
 985.34441   0.00000
 985.83293   0.00000
 986.32145   0.00000
 986.80997   0.00000
 987.29849   0.00000
 987.78701   0.00000
 988.27553   0.00000
 988.76404   0.00000
 989.25256   0.00000
 989.74108   0.00000
 990.22960   0.00000
 990.71812   0.00000
 991.20664   0.00000
 991.69516   0.00000
 992.18368   0.00000
 992.67220   0.00000
 993.16072   0.00000
 993.64924   0.00000
 994.13776   0.00000
 994.62628   0.00000
 995.11480   0.00000
 995.60332   0.00000
 996.09184   0.00000
 996.58036   0.00000
 997.06888   0.00000
 997.55740   0.00000
 998.04592   0.00000
 998.53444   0.00000
 999.02296   0.00000
 999.51148   0.00000
1000.00000   0.00000
