#
# ./boundStates -i Vl-KRbK.dat -c 1:2 -m 26.8262848779885
#
             3.00000        216077.67698       -259775.35408        366790.67225       -306605.84616        286753.62486       -213681.99770        155173.88894        -98673.87583         54753.46633        -26723.75377          8216.80129           154.96964         -4154.99076          4272.86975         -3502.07908          1980.90028          -694.02658          -510.71441          1194.19133         -1694.45942
             3.10000        188015.08800       -226619.02192        319447.29420       -266936.16573        249243.90426       -185493.65019        134444.83277        -85283.81611         47146.03998        -22873.92574          6910.57771           247.01923         -3630.59012          3682.67868         -2993.43387          1669.70682          -559.06814          -475.44570          1056.73860         -1481.15337
             3.20000        163548.95736       -197677.78285        278178.74455       -232377.00870        216618.00053       -161007.04712        116473.20085        -73703.21724         40590.80478        -19574.16468          5806.18695           311.27401         -3170.72080          3172.36921         -2557.02362          1405.65794          -447.53637          -440.43191           934.53133         -1294.37887
             3.30000        142221.06458       -172416.42842        242207.62930       -202271.45869        188241.79158       -139737.49871        100893.32622        -63688.43549         34942.93211        -16746.52802          4873.12923           353.57563         -2767.67595          2731.31764         -2182.76584          1181.79581          -355.62310          -406.22434           825.95893         -1130.87575
             3.40000        123631.43189       -150367.71036        210855.92942       -176046.94949        163563.35311       -121263.65099         87387.91741        -55028.53052         30077.43629        -14324.03375          4085.43350           378.69534         -2414.63647          2350.29161         -1861.96583           992.16895          -280.11299          -373.22507           729.56876          -987.77926
             3.50000        107430.92643       -131123.70603        183532.30127       -153204.43921        142102.31486       -105219.22142         75681.67120        -47540.88790         25886.46746        -12249.12951          3420.99437           390.51617         -2105.57353          2021.27043         -1587.12791           831.68902          -218.29403          -341.71650           644.05260          -862.57274
             3.60000         93314.80226       -114328.28185        159721.00013       -133308.97381        123440.59402        -91285.81178         65535.72723        -41067.42623         22276.97226        -10472.37414          2861.00515           392.18544         -1835.16097          1737.28828         -1351.79198           696.00774          -167.88128          -311.88584           568.23393          -753.04599
             3.70000         81017.06257        -99670.51486        138972.21936       -115981.46143        107214.32809        -79186.65789         56742.85380        -35471.31071         19168.67277         -8951.30251          2389.47291           386.24239         -1598.69684          1492.29746         -1150.39228           581.41107          -126.95186          -283.84512           501.05612          -657.25846
             3.80000         70305.53799        -86878.95058        120893.66421       -100891.50235         93106.85160        -68681.19428         49123.26862        -30634.10599         16492.32030         -7649.44825          1992.80411           374.72488         -1392.03326          1281.04908          -978.13507           484.72835           -93.88956          -257.64768           441.57135          -573.50680
             3.90000         60977.58994        -75716.59073        105143.20234        -87751.13906         80842.58200        -59560.32756         42521.01068        -26453.30943         14188.18695         -6535.50248          1659.45031           359.25836         -1211.51356          1098.98912          -830.89291           403.25421           -67.33779          -233.30165           388.93043          -500.29625
             4.00000         52856.35967        -65976.51794         91422.45365        -76309.40829         70181.69689        -51642.32623         36800.79094        -22840.21425         12204.76262         -5582.58985          1379.60565           341.12999         -1053.91635           942.16773          -705.11330           334.68165           -46.15947          -210.78084           342.37332          -436.31546
             4.10000         45787.49363        -57478.07648         79471.19911        -66347.59219         60915.50031        -44769.24658         31845.25851        -19718.05851         10497.62960         -4767.64545          1144.94842           321.35039          -916.40554           807.16031          -597.73965           277.04445           -29.40298          -190.03363           301.22052          -380.41429
             4.20000         39636.28463        -50063.53823         69062.50407        -57675.07890         52862.38895        -38803.82483         27552.62782        -17020.42170          9028.49068         -4070.87875           948.42041           300.70477          -796.48585           690.99872          -506.14300           228.66789           -16.27324          -170.99009           264.86508          -331.58420
             4.30000         34285.17604        -43595.19222         59998.46470        -50125.75431         45864.34058        -33626.77473         23834.61891        -14689.83604          7764.32974         -3475.31247           784.03861           279.79546          -691.96323           591.11134          -428.06305           188.12644            -6.10714          -153.56770           232.76541          -288.94108
             4.40000         29631.58290        -37952.80388         52106.49787        -43554.85686         39783.85717        -29134.43787         20614.66987        -12676.58369          6676.68714         -2966.38585           646.73460           259.07697          -600.90970           505.27094          -361.55722           154.20746             1.64730          -137.67581           204.43863          -251.71008
             4.50000         25585.98969        -33031.39699         45236.10509        -37836.23596         34501.30394        -25236.74058         17826.38536        -10937.65507          5741.03392         -2531.61358           532.21749           238.88499          -521.63207           431.54929          -304.95668           125.88017             7.44855          -123.21928           179.45458          -219.21226
             4.60000         22070.28956        -28739.31732         39256.04992        -32859.96228         29912.59293        -21855.41755         15412.19008         -9435.84685          4936.23169         -2160.29245           436.85710           219.46022          -452.64428           368.27765          -256.82830           102.26896            11.67655          -110.10118           157.43036          -190.85289
             4.70000         19016.33453        -24996.54214         34051.89602        -28530.24464         25927.16665        -18922.46737         13322.16027         -8138.98079          4244.06632         -1843.24914           357.58445           200.96797          -392.64280           314.01245          -215.94198            82.63065            14.64535           -98.22492           138.02540          -166.11110
             4.80000         16364.66964        -21733.20434         29523.85964        -24763.61433         22466.24297        -16378.80978         11513.00965         -7019.22738          3648.84548         -1572.62352           291.80695           183.51420          -340.48486           267.50540          -181.24230            66.33494            16.61382           -87.49588           120.93703          -144.53084
             4.90000         14063.42795        -18888.30397         25584.93664        -21487.34242         19461.28730        -14173.11820          9947.20949         -6052.52027          3137.05132         -1341.68233           237.33615           167.15856          -295.16922           227.67755          -151.82413            52.84773            17.79467           -77.82254           105.89640          -125.71291
             5.00000         12067.36573        -16408.58326         22159.26866        -18638.06019         16852.68275        -12260.80485          8592.22499         -5218.04924          2697.04076         -1144.65908           192.32628           151.92506          -255.81915           193.59666          -126.91165            41.71685            18.36205           -69.11731            92.66490          -109.30792
             5.10000         10337.02020        -14247.54449         19180.71811        -16160.55666         14588.57269        -10603.13844          7419.85282         -4497.82133          2318.78687          -976.61659           155.22201           137.81064          -221.66733           164.45770          -105.84018            32.55985            18.45800           -61.29712            81.03089           -95.01020
             5.20000          8837.97421        -12364.59246         16591.62520        -14006.73044         12623.85322         -9166.47715          6405.64619         -3876.28087          1993.65573          -833.32885           124.71390           124.79210          -192.04263           139.56572           -88.04054            25.05356            18.19787           -54.28375            70.80674           -82.55236
             5.30000          7540.21430        -10724.28576         14341.72378        -12134.67615         10919.29630         -7921.60186          5528.41618         -3339.98059          1714.21400          -711.17957            99.70066           112.83166          -166.35833           118.32115           -73.02564            18.92521            17.67481           -48.00396            61.82625           -71.70053
             5.40000          6417.57025         -9295.68308         12387.19565        -10507.88809          9440.78650         -6843.13656          4769.79901         -2877.29703          1474.06288          -607.07510            79.25701           101.88135          -144.10184           100.20694           -60.37884            13.94483            16.96365           -42.38962            53.94226           -62.25027
             5.50000          5447.22583         -8051.77244         10689.84583         -9094.56618          8158.65681         -5909.04461          4113.88064         -2478.18416          1267.69495          -518.36966            62.60641            91.88652          -124.82553            84.77741           -49.74399             9.91876            16.12406           -37.37759            47.02455           -54.02285
             5.60000          4609.29169         -6968.97279          9216.38305         -7867.01095          7047.11044         -5100.19075          3546.87118         -2133.96017          1090.37068          -442.80120            49.09794            82.78855          -108.13875            71.64864           -40.81682             6.68413            15.20323           -32.90962            40.95795           -46.86207
             5.70000          3886.43244         -6026.69885          7937.79229         -6801.09628          6083.71775         -4399.96054          3056.82240         -1837.12302           938.01201          -378.43631            38.18666            74.52697           -93.70077            60.49005           -33.33760             4.10416            14.23814           -28.93216            35.64067           -40.63146
             5.80000          3263.54120         -5206.98117          6828.78745         -5875.80980          5248.97838         -3793.92956          2633.38274         -1581.19077           807.11052          -323.62300            29.41696            67.04104           -81.21454            51.01719           -27.08472             2.06414            13.25739           -25.39615            30.98276           -35.21182
             5.90000          2727.45544         -4494.13435          5867.33401         -5072.85233          4525.94019         -3269.57586          2267.58475         -1360.56354           694.64838          -276.95019            22.40849            60.27098           -70.42126            42.98542           -21.86925             0.46804            12.28276           -22.25677            26.90482           -30.49902
             6.00000          2266.70890         -3874.46728          5034.23261         -4376.28876          3899.86765         -2816.03015          1951.66084         -1170.40395           598.03009          -237.21299            16.84421            54.15885           -61.09557            36.18450           -17.53026            -0.76443            11.33056           -19.47319            23.33673           -26.40218
             6.10000          1871.31514         -3336.03023          4312.75597         -3772.24376          3357.95331         -2423.85863          1678.88338         -1006.53381           515.02377          -203.38288            12.46032            48.64917           -53.04135            30.43382           -13.93077            -1.70021            10.41260           -17.00830            20.21668           -22.84194
             6.20000          1532.57847         -2868.39392          3688.33214         -3248.63664          2889.06672         -2084.87430          1443.42614          -865.34472           443.71050          -174.58225             9.03770            43.68932           -46.08802            25.57839           -10.95426            -2.39508             9.53719           -14.82846            17.49013           -19.74906
             6.30000          1242.92904         -2462.45662          3148.26826         -2794.95019          2483.53591         -1791.97301          1240.24402          -743.72069           382.44069          -150.06246             6.39470            39.22983           -40.08729            21.48525            -8.50177            -2.89535             8.70976           -12.90322            15.10905           -17.06312
             6.40000           995.77881         -2110.27574          2681.50965         -2402.02928          2132.95732         -1538.99095          1064.96888          -638.97131           329.79651          -129.18517             4.38108            35.22449           -34.91036            18.04044            -6.48925            -3.23939             7.93356           -11.20507            13.03109           -14.73141
             6.50000           785.39593         -1804.92072          2278.42970         -2061.90533          1830.03039         -1320.58093           913.81912          -548.77392           284.55952          -111.40625             2.87288            31.63039           -30.44538            15.14639            -4.84545            -3.45893             7.21008            -9.70924            11.21900           -12.70799
             6.60000           606.79501         -1540.34459          1930.64663         -1767.64334          1568.41367         -1132.10475           783.52139          -471.12355           245.68280           -96.26206             1.76805            28.40789           -26.59530            12.71958            -3.51002            -3.58012             6.53947            -8.39341             9.63995           -10.95277
             6.70000           455.64143         -1311.27185          1630.86369         -1513.20860          1342.59960          -969.53983           671.24259          -404.28976           212.26693           -83.35772             0.98285            25.52054           -23.27598            10.68861            -2.43188            -3.62441             5.92091            -7.23755             8.26511            -9.43083
             6.80000           328.16783         -1113.10047          1372.72984         -1293.35052          1147.80560          -829.39799           574.53105          -346.77919           183.53935           -72.35699             0.44880            22.93494           -20.41449             8.99250            -1.56790            -3.60938             5.35282            -6.22365             7.06908            -8.11173
             6.90000           221.10118          -941.81641          1150.71815         -1103.50141           979.87936          -708.65494           491.26546          -297.30330           158.83653           -62.97373             0.11007            20.62061           -17.94766             7.57921            -0.88164            -3.54933             4.83306            -5.33563             6.02956            -6.96894
             7.00000           131.59921          -793.91892           960.01992          -939.68830           835.21638          -604.68909           419.61066          -254.75040           137.58873           -54.96450            -0.07867            18.54981           -15.82084             6.40438            -0.34243            -3.45588             4.35918            -4.55904             5.12696            -5.97938
             7.10000            57.19491          -666.35532           796.45221          -798.45606           710.68832          -515.22825           357.97924          -218.16153           119.30675           -48.12226            -0.15403            16.69735           -13.98674             5.43023             0.07555            -3.33839             3.92848            -3.88103             4.34406            -5.12293
             7.20000            -4.25186          -556.46405           656.37731          -676.80048           603.58061          -438.30353           304.99839          -186.70963           103.57066           -42.27105            -0.14544            15.04043           -12.40451             4.62462             0.39398            -3.20435             3.53812            -3.29009             3.66577            -4.38207
             7.30000           -54.59663          -461.92495           536.63249          -572.10990           511.53827          -372.20915           259.48104          -159.68143            90.02001           -37.26133            -0.07641            13.55846           -11.03885             3.96027             0.63104            -3.05973             3.18526            -2.77598             3.07883            -3.74157
             7.40000           -95.44711          -380.71583           434.46873          -482.11443           432.51874          -315.46759           220.40096          -136.46198            78.34544           -32.96609             0.03441            12.23289            -9.85929             3.41403             0.80195            -2.90924             2.86703            -2.32958             2.57160            -3.18817
             7.50000          -128.19536          -311.07455           347.49735          -404.84162           364.75083          -266.79939           186.87112          -116.52111            68.28151           -29.27750             0.17235            11.04701            -8.83957             2.96627             0.91938            -2.75653             2.58068            -1.94277             2.13391            -2.71033
             7.60000          -154.04579          -251.46590           273.64345          -338.57794           306.69912          -225.09685           158.12497           -99.40186            59.60046           -26.10404             0.32601             9.98581            -7.95704             2.60042             0.99392            -2.60442             2.32352            -1.60836             1.75682            -2.29802
             7.70000          -174.03957          -200.55272           211.10533          -281.83517           257.03292          -189.40118           133.50023           -84.71043            52.10688           -23.36809             0.48662             9.03586            -7.19221             2.30246             1.03433            -2.45505             2.09300            -1.31994             1.43251            -1.94252
             7.80000          -189.07594          -157.17063           158.31915          -233.32113           214.59935          -158.88279           112.42481           -72.10747            45.63316           -21.00382             0.64754             8.18510            -6.52829             2.06058             1.04790            -2.30998             1.88672            -1.07184             1.15414            -1.63626
             7.90000          -199.93080          -120.30599           113.92806          -191.91420           178.39986          -132.82404            94.40469           -61.30068            40.03552           -18.95540             0.80386             7.42275            -5.95087             1.86486             1.04061            -2.17033             1.70241            -0.85907             0.91571            -1.37264
             8.00000          -207.27282           -89.07667            76.75536          -156.64111           147.56991          -110.60433            79.01334           -52.03824            35.19065           -17.17556             0.95207             6.73919            -5.44755             1.70697             1.01739            -2.03687             1.53797            -0.67716             0.71200            -1.14595
             8.10000          -211.67763           -62.71523            45.78110          -126.65765           121.36126           -91.68721            65.88260           -44.10334            30.99279           -15.62423             1.08971             6.12583            -5.00770             1.57991             0.98228            -1.91006             1.39144            -0.52222             0.53841            -0.95122
             8.20000          -213.64005           -40.55428            20.12165          -101.23181            99.12654           -75.60906            54.69483           -37.30926            27.35123           -14.26749             1.21523             5.57500            -4.62219             1.47786             0.93855            -1.79018             1.26102            -0.39076             0.39096            -0.78414
             8.30000          -213.58478           -22.01366            -0.98803           -79.72913            80.30596           -61.96943            45.17601           -31.49529            24.18821           -13.07662             1.32773             5.07990            -4.28320             1.39597             0.88887            -1.67729             1.14505            -0.27975             0.26614            -0.64096
             8.40000          -211.87575            -6.58925           -18.20994           -61.59993            64.41565           -50.42255            37.08982           -26.52311            21.43700           -12.02731             1.42683             4.63445            -3.98406             1.33020             0.83536            -1.57134             1.04203            -0.18649             0.16091            -0.51844
             8.50000          -208.82423             6.15676           -32.11646           -46.36825            51.03754           -40.66997            30.23260           -22.27370            19.04039           -11.09900             1.51255             4.23324            -3.71902             1.27722             0.77973            -1.47219             0.95058            -0.10862             0.07261            -0.41377
             8.60000          -204.69588            16.60444           -43.20212           -33.62214            39.81069           -32.45425            24.42880           -18.64467            16.94933           -10.27426             1.58521             3.87147            -3.48322             1.23427             0.72332            -1.37960             0.86943            -0.04407            -0.00108            -0.32449
             8.70000          -199.71689            25.08346           -51.89386           -23.00526            30.42358           -25.55343            19.52725           -15.54794            15.12172            -9.53838             1.64533             3.54488            -3.27246             1.19911             0.66718            -1.29331             0.79746             0.00899            -0.06217            -0.24851
             8.80000          -194.07935            31.87968           -58.55989           -14.20957            22.60755           -19.77622            15.39776           -12.90779            13.52146            -8.87889             1.69359             3.24968            -3.08320             1.16990             0.61211            -1.21300             0.73363             0.05216            -0.11242            -0.18398
             8.90000          -187.94585            37.24073           -63.51747            -6.96896            16.13107           -14.95789            11.92830           -10.65910            12.11756            -8.28524             1.73076             2.98250            -2.91239             1.14515             0.55871            -1.13835             0.67703             0.08683            -0.15337            -0.12933
             9.00000          -181.45360            41.38100           -67.03965            -1.05368            10.79472           -10.95667             9.02250            -8.74594            10.88344            -7.74851             1.75767             2.74037            -2.75747             1.12364             0.50743            -1.06901             0.62683             0.11422            -0.18633            -0.08317
             9.10000          -174.71784            44.48593           -69.36113             3.73442             6.42691            -7.65060             6.59751            -7.12022             9.79626            -7.26112             1.77517             2.52062            -2.61622             1.10443             0.45856            -1.00464             0.58227             0.13542            -0.21247            -0.04432
             9.20000          -167.83500            46.71577           -70.68342             7.56614             2.88011            -4.93491             4.58213            -5.74063             8.83643            -6.81668             1.78413             2.32091            -2.48679             1.08676             0.41232            -0.94491             0.54270             0.15134            -0.23278            -0.01175
             9.30000          -160.88524            48.20886           -71.17921            10.58855             0.02757            -2.71959             2.91521            -4.57172             7.98712            -6.40975             1.78539             2.13915            -2.36759             1.07003             0.36881            -0.88948             0.50752             0.16279            -0.24813             0.01543
             9.40000          -153.93482            49.08448           -70.99630            12.92816            -2.23944            -0.92745             1.54429            -3.58302             7.23384            -6.03572             1.77976             1.97349            -2.25727             1.05378             0.32809            -0.83805             0.47620             0.17049            -0.25927             0.03798
             9.50000          -147.03807            49.44535           -70.26091            14.69365            -4.01415             0.50768             0.42437            -2.74841             6.56415            -5.69066             1.76803             1.82228            -2.15471             1.03767             0.29016            -0.79031             0.44827             0.17503            -0.26686             0.05657
             9.60000          -140.23910            49.37984           -69.08063            15.97830            -5.37635             1.64248            -0.48311            -2.04546             5.96734            -5.37124             1.75092             1.68406            -2.05893             1.02145             0.25497            -0.74598             0.42331             0.17696            -0.27146             0.07177
             9.70000          -133.57331            48.96378           -67.54697            16.86206            -6.39427             2.52538            -1.21118            -1.45494             5.43420            -5.07462             1.72912             1.55754            -1.96913             1.00494             0.22245            -0.70478             0.40095             0.17672            -0.27354             0.08407
             9.80000          -127.06870            48.26222           -65.73751            17.41333            -7.12615             3.19779            -1.78809            -0.96034             4.95676            -4.79836             1.70327             1.44156            -1.88460             0.98802             0.19250            -0.66648             0.38087             0.17472            -0.27354             0.09390
             9.90000          -120.74696            47.33075           -63.71788            17.69055            -7.62163             3.69500            -2.23797            -0.54755             4.52818            -4.54037             1.67396             1.33510            -1.80476             0.97062             0.16501            -0.63083             0.36277             0.17128            -0.27180             0.10163
            10.00000          -114.62442            46.21687           -61.54336            17.74355            -7.92294             4.04709            -2.58144            -0.20444             4.14254            -4.29888             1.64172             1.23724            -1.72913             0.95270             0.13985            -0.59762             0.34641             0.16670            -0.26865             0.10756
            10.10000          -108.71295            44.96100           -59.26036            17.61476            -8.06594             4.27961            -2.83609             0.07936             3.79473            -4.07233             1.60705             1.14717            -1.65727             0.93426             0.11691            -0.56665             0.33156             0.16124            -0.26434             0.11198
            10.20000          -103.02060            43.59745           -56.90767            17.34016            -8.08101             4.41426            -3.01687             0.31273             3.48030            -3.85940             1.57039             1.06416            -1.58884             0.91532             0.09604            -0.53774             0.31802             0.15509            -0.25910             0.11512
            10.30000           -97.55228            42.15527           -54.51752            16.95027            -7.99381             4.46941            -3.13652             0.50326             3.19543            -3.65892             1.53214             0.98758            -1.52354             0.89590             0.07712            -0.51072             0.30563             0.14844            -0.25312             0.11717
            10.40000           -92.31027            40.65895           -52.11650            16.47082            -7.82596             4.46060            -3.20586             0.65747             2.93679            -3.46990             1.49266             0.91683            -1.46110             0.87606             0.06000            -0.48543             0.29423             0.14144            -0.24658             0.11832
            10.50000           -87.29465            39.12904           -49.72645            15.92348            -7.59566             4.40090            -3.23406             0.78091             2.70147            -3.29143             1.45227             0.85141            -1.40131             0.85584             0.04457            -0.46173             0.28369             0.13422            -0.23961             0.11870
            10.60000           -82.50373            37.58271           -47.36508            15.32643            -7.31808             4.30131            -3.22886             0.87833             2.48696            -3.12275             1.41125             0.79084            -1.34399             0.83532             0.03070            -0.43950             0.27391             0.12688            -0.23233             0.11845
            10.70000           -77.93438            36.03421           -45.04661            14.69482            -7.00592             4.17104            -3.19683             0.95379             2.29105            -2.96316             1.36985             0.73472            -1.28897             0.81454             0.01828            -0.41861             0.26478             0.11952            -0.22484             0.11767
            10.80000           -73.58229            34.49531           -42.78230            14.04126            -6.66969             4.01777            -3.14347             1.01074             2.11182            -2.81205             1.32831             0.68267            -1.23612             0.79357             0.00718            -0.39896             0.25622             0.11221            -0.21722             0.11645
            10.90000           -69.44223            32.97559           -40.58089            13.37614            -6.31805             3.84789            -3.07342             1.05215             1.94759            -2.66887             1.28680             0.63436            -1.18531             0.77248            -0.00270            -0.38045             0.24816             0.10500            -0.20955             0.11488
            11.00000           -65.50827            31.48283           -38.44899            12.70798            -5.95811             3.66667            -2.99057             1.08052             1.79686            -2.53313             1.24550             0.58947            -1.13644             0.75132            -0.01146            -0.36299             0.24053             0.09794            -0.20188             0.11302
            11.10000           -61.77393            30.02322           -36.39144            12.04371            -5.59564             3.47845            -2.89816             1.09800             1.65834            -2.40438             1.20455             0.54775            -1.08943             0.73016            -0.01920            -0.34651             0.23327             0.09108            -0.19427             0.11093
            11.20000           -58.23234            28.60161           -34.41155            11.38889            -5.23529             3.28676            -2.79887             1.10643             1.53088            -2.28221             1.16408             0.50893            -1.04417             0.70905            -0.02600            -0.33092             0.22634             0.08444            -0.18675             0.10866
            11.30000           -54.87636            27.22172           -32.51141            10.74796            -4.88077             3.09448            -2.69494             1.10734             1.41345            -2.16625             1.12420             0.47281            -1.00062             0.68803            -0.03194            -0.31616             0.21971             0.07804            -0.17935             0.10625
            11.40000           -51.69870            25.88631           -30.69204            10.12435            -4.53497             2.90388            -2.58820             1.10207             1.30515            -2.05615             1.08499             0.43917            -0.95869             0.66716            -0.03711            -0.30218             0.21333             0.07190            -0.17210             0.10374
            11.50000           -48.69198            24.59731           -28.95363             9.52069            -4.20011             2.71679            -2.48016             1.09172             1.20517            -1.95161             1.04652             0.40782            -0.91832             0.64649            -0.04157            -0.28891             0.20719             0.06604            -0.16503             0.10115
            11.60000           -45.84881            23.35599           -27.29565             8.93893            -3.87786             2.53461            -2.37204             1.07725             1.11281            -1.85232             1.00887             0.37861            -0.87947             0.62605            -0.04540            -0.27631             0.20124             0.06045            -0.15814             0.09850
            11.70000           -43.16188            22.16302           -25.71701             8.38043            -3.56941             2.35842            -2.26480             1.05946             1.02741            -1.75801             0.97208             0.35138            -0.84208             0.60587            -0.04864            -0.26433             0.19549             0.05514            -0.15145             0.09583
            11.80000           -40.62395            21.01861           -24.21616             7.84608            -3.27558             2.18900            -2.15924             1.03903             0.94840            -1.66844             0.93619             0.32598            -0.80609             0.58600            -0.05136            -0.25293             0.18990             0.05011            -0.14496             0.09315
            11.90000           -38.22793            19.92259           -22.79121             7.33638            -2.99684             2.02691            -2.05597             1.01653             0.87527            -1.58335             0.90122             0.30228            -0.77148             0.56645            -0.05361            -0.24207             0.18446             0.04536            -0.13869             0.09047
            12.00000           -35.96692            18.87443           -21.43997             6.85149            -2.73343             1.87253            -1.95545             0.99244             0.80753            -1.50253             0.86721             0.28018            -0.73818             0.54726            -0.05543            -0.23172             0.17916             0.04089            -0.13263             0.08780
            12.10000           -33.83417            17.87337           -20.16005             6.39133            -2.48535             1.72606            -1.85803             0.96717             0.74478            -1.42575             0.83416             0.25955            -0.70616             0.52845            -0.05687            -0.22185             0.17399             0.03668            -0.12678             0.08516
            12.20000           -31.82319            16.91843           -18.94891             5.95558            -2.25247             1.58758            -1.76397             0.94107             0.68662            -1.35283             0.80208             0.24031            -0.67538             0.51003            -0.05797            -0.21242             0.16895             0.03274            -0.12116             0.08256
            12.30000           -29.92769            16.00846           -17.80392             5.54376            -2.03447             1.45707            -1.67344             0.91441             0.63271            -1.28357             0.77098             0.22235            -0.64579             0.49201            -0.05876            -0.20342             0.16402             0.02905            -0.11574             0.07999
            12.40000           -28.14159            15.14219           -16.72237             5.15527            -1.83098             1.33441            -1.58655             0.88743             0.58272            -1.21780             0.74085             0.20559            -0.61737             0.47442            -0.05928            -0.19482             0.15921             0.02560            -0.11054             0.07746
            12.50000           -26.45909            14.31825           -15.70154             4.78938            -1.64151             1.21945            -1.50335             0.86033             0.53637            -1.15533             0.71170             0.18996            -0.59007             0.45726            -0.05956            -0.18659             0.15450             0.02238            -0.10555             0.07499
            12.60000           -24.87460            13.53520           -14.73869             4.44532            -1.46554             1.11196            -1.42385             0.83327             0.49339            -1.09601             0.68350             0.17537            -0.56386             0.44054            -0.05962            -0.17872             0.14989             0.01940            -0.10076             0.07256
            12.70000           -23.38280            12.79155           -13.83112             4.12223            -1.30247             1.01168            -1.34801             0.80639             0.45354            -1.03969             0.65625             0.16176            -0.53870             0.42426            -0.05948            -0.17119             0.14539             0.01662            -0.09617             0.07020
            12.80000           -21.97857            12.08579           -12.97617             3.81924            -1.15172             0.91833            -1.27579             0.77980             0.41659            -0.98622             0.62994             0.14907            -0.51456             0.40842            -0.05918            -0.16398             0.14098             0.01405            -0.09177             0.06788
            12.90000           -20.65706            11.41641           -12.17122             3.53543            -1.01265             0.83160            -1.20710             0.75358             0.38233            -0.93545             0.60454             0.13724            -0.49140             0.39304            -0.05874            -0.15707             0.13666             0.01167            -0.08755             0.06563
            13.00000           -19.41363            10.78187           -11.41374             3.26991            -0.88465             0.75118            -1.14186             0.72780             0.35058            -0.88726             0.58005             0.12621            -0.46920             0.37811            -0.05816            -0.15045             0.13245             0.00948            -0.08352             0.06343
            13.10000           -18.24389            10.18067           -10.70125             3.02176            -0.76708             0.67674            -1.07994             0.70253             0.32115            -0.84152             0.55643             0.11593            -0.44791             0.36362            -0.05747            -0.14411             0.12832             0.00746            -0.07967             0.06129
            13.20000           -17.14363             9.61132           -10.03137             2.79008            -0.65934             0.60796            -1.02124             0.67780             0.29388            -0.79810             0.53367             0.10635            -0.42751             0.34958            -0.05668            -0.13803             0.12429             0.00560            -0.07598             0.05922
            13.30000           -16.10890             9.07237            -9.40180             2.57399            -0.56081             0.54452            -0.96564             0.65366             0.26863            -0.75690             0.51175             0.09743            -0.40796             0.33598            -0.05581            -0.13221             0.12035             0.00390            -0.07246             0.05719
            13.40000           -15.13592             8.56239            -8.81032             2.37262            -0.47091             0.48611            -0.91299             0.63012             0.24524            -0.71781             0.49064             0.08913            -0.38924             0.32281            -0.05486            -0.12662             0.11650             0.00235            -0.06909             0.05523
            13.50000           -14.22112             8.08000            -8.25483             2.18513            -0.38907             0.43240            -0.86319             0.60720             0.22360            -0.68071             0.47033             0.08141            -0.37131             0.31008            -0.05386            -0.12126             0.11273             0.00093            -0.06587             0.05333
            13.60000           -13.36113             7.62386            -7.73330             2.01072            -0.31475             0.38311            -0.81609             0.58491             0.20358            -0.64551             0.45079             0.07423            -0.35416             0.29776            -0.05280            -0.11612             0.10906            -0.00036            -0.06280             0.05148
            13.70000           -12.55274             7.19266            -7.24378             1.84860            -0.24742             0.33795            -0.77157             0.56326             0.18506            -0.61212             0.43200             0.06755            -0.33774             0.28587            -0.05171            -0.11119             0.10548            -0.00153            -0.05987             0.04969
            13.80000           -11.79293             6.78516            -6.78445             1.69803            -0.18658             0.29663            -0.72950             0.54226             0.16794            -0.58044             0.41393             0.06135            -0.32203             0.27438            -0.05058            -0.10647             0.10199            -0.00259            -0.05707             0.04795
            13.90000           -11.07885             6.40015            -6.35354             1.55829            -0.13177             0.25890            -0.68976             0.52189             0.15213            -0.55039             0.39656             0.05559            -0.30700             0.26329            -0.04942            -0.10193             0.09858            -0.00354            -0.05440             0.04626
            14.00000           -10.40779             6.03647            -5.94938             1.42869            -0.08252             0.22450            -0.65224             0.50216             0.13754            -0.52188             0.37988             0.05025            -0.29263             0.25259            -0.04825            -0.09758             0.09526            -0.00439            -0.05185             0.04463
            14.10000            -9.77722             5.69302            -5.57041             1.30859            -0.03841             0.19319            -0.61680             0.48306             0.12407            -0.49485             0.36385             0.04529            -0.27890             0.24228            -0.04706            -0.09341             0.09203            -0.00516            -0.04942             0.04305
            14.20000            -9.18472             5.36874            -5.21511             1.19737             0.00094             0.16475            -0.58335             0.46458             0.11165            -0.46920             0.34845             0.04070            -0.26577             0.23233            -0.04586            -0.08941             0.08888            -0.00584            -0.04710             0.04152
            14.30000            -8.62803             5.06260            -4.88208             1.09445             0.03593             0.13896            -0.55177             0.44671             0.10020            -0.44489             0.33367             0.03645            -0.25323             0.22276            -0.04466            -0.08557             0.08581            -0.00644            -0.04489             0.04004
            14.40000            -8.10501             4.77365            -4.56996             0.99928             0.06690             0.11562            -0.52197             0.42943             0.08967            -0.42183             0.31948             0.03252            -0.24124             0.21353            -0.04346            -0.08189             0.08283            -0.00697            -0.04278             0.03860
            14.50000            -7.61366             4.50096            -4.27749             0.91132             0.09419             0.09454            -0.49383             0.41275             0.07998            -0.39996             0.30586             0.02889            -0.22980             0.20465            -0.04226            -0.07835             0.07993            -0.00743            -0.04077             0.03721
            14.60000            -7.15207             4.24364            -4.00348             0.83010             0.11809             0.07554            -0.46728             0.39663             0.07107            -0.37922             0.29279             0.02553            -0.21887             0.19610            -0.04107            -0.07497             0.07712            -0.00783            -0.03885             0.03587
            14.70000            -6.71845             4.00087            -3.74680             0.75515             0.13891             0.05847            -0.44222             0.38108             0.06288            -0.35956             0.28025             0.02244            -0.20843             0.18788            -0.03989            -0.07172             0.07438            -0.00817            -0.03702             0.03457
            14.80000            -6.31113             3.77185            -3.50637             0.68603             0.15691             0.04316            -0.41856             0.36606             0.05538            -0.34091             0.26822             0.01959            -0.19847             0.17997            -0.03872            -0.06861             0.07172            -0.00846            -0.03527             0.03331
            14.90000            -5.92853             3.55582            -3.28120             0.62233             0.17233             0.02947            -0.39623             0.35158             0.04850            -0.32324             0.25668             0.01696            -0.18897             0.17237            -0.03756            -0.06562             0.06914            -0.00870            -0.03361             0.03210
            15.00000            -5.56914             3.35207            -3.07033             0.56368             0.18542             0.01726            -0.37515             0.33762             0.04220            -0.30648             0.24562             0.01454            -0.17990             0.16506            -0.03642            -0.06276             0.06664            -0.00890            -0.03202             0.03093
            15.10000            -5.23158             3.15991            -2.87289             0.50970             0.19638             0.00642            -0.35524             0.32416             0.03644            -0.29059             0.23501             0.01233            -0.17125             0.15804            -0.03530            -0.06001             0.06421            -0.00905            -0.03051             0.02979
            15.20000            -4.91451             2.97870            -2.68804             0.46008             0.20542            -0.00318            -0.33645             0.31118             0.03118            -0.27552             0.22484             0.01029            -0.16300             0.15130            -0.03420            -0.05738             0.06186            -0.00917            -0.02907             0.02869
            15.30000            -4.61671             2.80783            -2.51498             0.41448             0.21271            -0.01165            -0.31870             0.29868             0.02638            -0.26124             0.21509             0.00843            -0.15513             0.14482            -0.03312            -0.05486             0.05958            -0.00925            -0.02770             0.02763
            15.40000            -4.33700             2.64672            -2.35298             0.37262             0.21843            -0.01908            -0.30194             0.28664             0.02201            -0.24770             0.20575             0.00673            -0.14762             0.13860            -0.03206            -0.05245             0.05737            -0.00931            -0.02639             0.02661
            15.50000            -4.07428             2.49482            -2.20134             0.33421             0.22274            -0.02557            -0.28610             0.27504             0.01803            -0.23486             0.19680             0.00517            -0.14047             0.13264            -0.03102            -0.05013             0.05523            -0.00933            -0.02514             0.02562
            15.60000            -3.82753             2.35161            -2.05941             0.29902             0.22578            -0.03119            -0.27114             0.26387             0.01443            -0.22269             0.18822             0.00375            -0.13365             0.12691            -0.03000            -0.04792             0.05316            -0.00933            -0.02395             0.02467
            15.70000            -3.59578             2.21660            -1.92658             0.26679             0.22768            -0.03604            -0.25701             0.25312             0.01116            -0.21116             0.18000             0.00247            -0.12715             0.12141            -0.02901            -0.04579             0.05116            -0.00930            -0.02282             0.02374
            15.80000            -3.37811             2.08933            -1.80227             0.23730             0.22856            -0.04019            -0.24365             0.24277             0.00820            -0.20022             0.17213             0.00130            -0.12096             0.11614            -0.02804            -0.04376             0.04922            -0.00926            -0.02174             0.02285
            15.90000            -3.17368             1.96935            -1.68594             0.21034             0.22854            -0.04369            -0.23102             0.23281             0.00554            -0.18985             0.16459             0.00024            -0.11505             0.11109            -0.02709            -0.04181             0.04735            -0.00919            -0.02071             0.02199
            16.00000            -2.98167             1.85626            -1.57708             0.18573             0.22772            -0.04662            -0.21907             0.22323             0.00313            -0.18002             0.15737            -0.00072            -0.10943             0.10624            -0.02617            -0.03994             0.04553            -0.00911            -0.01973             0.02116
            16.10000            -2.80132             1.74967            -1.47522             0.16328             0.22619            -0.04902            -0.20778             0.21402             0.00098            -0.17071             0.15046            -0.00158            -0.10408             0.10160            -0.02527            -0.03816             0.04378            -0.00901            -0.01879             0.02036
            16.20000            -2.63194             1.64919            -1.37992             0.14282             0.22404            -0.05096            -0.19710             0.20515            -0.00095            -0.16187             0.14383            -0.00235            -0.09898             0.09714            -0.02439            -0.03645             0.04209            -0.00890            -0.01790             0.01959
            16.30000            -2.47285             1.55449            -1.29074             0.12420             0.22135            -0.05247            -0.18700             0.19663            -0.00267            -0.15350             0.13749            -0.00304            -0.09412             0.09287            -0.02354            -0.03481             0.04046            -0.00878            -0.01705             0.01884
            16.40000            -2.32342             1.46523            -1.20732             0.10728             0.21819            -0.05361            -0.17744             0.18844            -0.00420            -0.14556             0.13142            -0.00365            -0.08949             0.08879            -0.02271            -0.03324             0.03888            -0.00865            -0.01624             0.01812
            16.50000            -2.18307             1.38110            -1.12927             0.09191             0.21462            -0.05441            -0.16839             0.18057            -0.00556            -0.13804             0.12561            -0.00420            -0.08509             0.08487            -0.02191            -0.03175             0.03736            -0.00851            -0.01547             0.01743
            16.60000            -2.05124             1.30181            -1.05625             0.07799             0.21071            -0.05492            -0.15983             0.17300            -0.00675            -0.13090             0.12005            -0.00468            -0.08090             0.08112            -0.02113            -0.03031             0.03589            -0.00836            -0.01473             0.01676
            16.70000            -1.92742             1.22708            -0.98794             0.06538             0.20650            -0.05515            -0.15172             0.16573            -0.00780            -0.12414             0.11473            -0.00510            -0.07691             0.07752            -0.02037            -0.02894             0.03448            -0.00820            -0.01403             0.01611
            16.80000            -1.81112             1.15665            -0.92404             0.05399             0.20204            -0.05515            -0.14405             0.15874            -0.00871            -0.11773             0.10963            -0.00547            -0.07311             0.07408            -0.01963            -0.02763             0.03311            -0.00804            -0.01337             0.01549
            16.90000            -1.70187             1.09027            -0.86426             0.04372             0.19739            -0.05494            -0.13678             0.15203            -0.00950            -0.11165             0.10476            -0.00578            -0.06949             0.07079            -0.01892            -0.02637             0.03179            -0.00788            -0.01273             0.01489
            17.00000            -1.59926             1.02771            -0.80834             0.03447             0.19257            -0.05455            -0.12989             0.14559            -0.01017            -0.10589             0.10009            -0.00605            -0.06605             0.06763            -0.01823            -0.02517             0.03052            -0.00771            -0.01212             0.01431
            17.10000            -1.50286             0.96875            -0.75604             0.02615             0.18763            -0.05400            -0.12336             0.13940            -0.01075            -0.10042             0.09563            -0.00628            -0.06278             0.06462            -0.01755            -0.02402             0.02930            -0.00753            -0.01155             0.01376
            17.20000            -1.41232             0.91319            -0.70711             0.01870             0.18260            -0.05331            -0.11718             0.13346            -0.01122            -0.09524             0.09136            -0.00647            -0.05967             0.06173            -0.01691            -0.02292             0.02812            -0.00736            -0.01100             0.01322
            17.30000            -1.32726             0.86082            -0.66134             0.01204             0.17750            -0.05251            -0.11132             0.12776            -0.01162            -0.09033             0.08728            -0.00662            -0.05670             0.05896            -0.01628            -0.02187             0.02699            -0.00718            -0.01047             0.01270
            17.40000            -1.24736             0.81146            -0.61854             0.00610             0.17236            -0.05160            -0.10576             0.12229            -0.01193            -0.08568             0.08337            -0.00674            -0.05389             0.05632            -0.01567            -0.02087             0.02589            -0.00700            -0.00997             0.01220
            17.50000            -1.17230             0.76495            -0.57850             0.00082             0.16720            -0.05060            -0.10050             0.11704            -0.01218            -0.08126             0.07963            -0.00683            -0.05120             0.05379            -0.01508            -0.01991             0.02484            -0.00683            -0.00950             0.01172
            17.60000            -1.10179             0.72111            -0.54105            -0.00386             0.16205            -0.04953            -0.09550             0.11200            -0.01236            -0.07708             0.07606            -0.00690            -0.04865             0.05137            -0.01451            -0.01899             0.02383            -0.00665            -0.00904             0.01126
            17.70000            -1.03555             0.67979            -0.50602            -0.00799             0.15692            -0.04840            -0.09076             0.10716            -0.01248            -0.07311             0.07264            -0.00693            -0.04623             0.04905            -0.01396            -0.01812             0.02285            -0.00647            -0.00861             0.01082
            17.80000            -0.97331             0.64085            -0.47326            -0.01161             0.15182            -0.04723            -0.08627             0.10252            -0.01256            -0.06935             0.06937            -0.00695            -0.04392             0.04684            -0.01343            -0.01728             0.02192            -0.00629            -0.00820             0.01039
            17.90000            -0.91484             0.60415            -0.44262            -0.01478             0.14678            -0.04601            -0.08200             0.09808            -0.01259            -0.06578             0.06625            -0.00695            -0.04173             0.04472            -0.01292            -0.01648             0.02101            -0.00612            -0.00781             0.00997
            18.00000            -0.85991             0.56956            -0.41396            -0.01754             0.14180            -0.04477            -0.07796             0.09381            -0.01257            -0.06239             0.06326            -0.00693            -0.03964             0.04270            -0.01242            -0.01571             0.02015            -0.00595            -0.00743             0.00958
            18.10000            -0.80830             0.53696            -0.38716            -0.01992             0.13690            -0.04350            -0.07412             0.08972            -0.01252            -0.05919             0.06040            -0.00689            -0.03766             0.04076            -0.01194            -0.01499             0.01931            -0.00577            -0.00708             0.00919
            18.20000            -0.75981             0.50623            -0.36209            -0.02195             0.13207            -0.04222            -0.07047             0.08580            -0.01244            -0.05615             0.05767            -0.00684            -0.03578             0.03891            -0.01148            -0.01429             0.01851            -0.00560            -0.00674             0.00883
            18.30000            -0.71425             0.47727            -0.33865            -0.02368             0.12734            -0.04094            -0.06701             0.08205            -0.01232            -0.05326             0.05506            -0.00677            -0.03399             0.03714            -0.01104            -0.01362             0.01774            -0.00544            -0.00642             0.00847
            18.40000            -0.67144             0.44997            -0.31672            -0.02513             0.12270            -0.03965            -0.06372             0.07844            -0.01218            -0.05053             0.05256            -0.00670            -0.03228             0.03545            -0.01060            -0.01299             0.01700            -0.00527            -0.00611             0.00813
            18.50000            -0.63122             0.42424            -0.29621            -0.02632             0.11816            -0.03837            -0.06060             0.07499            -0.01202            -0.04793             0.05018            -0.00661            -0.03066             0.03384            -0.01019            -0.01238             0.01629            -0.00511            -0.00582             0.00780
            18.60000            -0.59342             0.40000            -0.27703            -0.02728             0.11374            -0.03709            -0.05764             0.07169            -0.01184            -0.04547             0.04790            -0.00651            -0.02912             0.03229            -0.00979            -0.01180             0.01560            -0.00495            -0.00554             0.00749
            18.70000            -0.55790             0.37714            -0.25909            -0.02804             0.10942            -0.03583            -0.05482             0.06852            -0.01164            -0.04314             0.04572            -0.00641            -0.02766             0.03082            -0.00940            -0.01125             0.01495            -0.00479            -0.00527             0.00718
            18.80000            -0.52453             0.35559            -0.24231            -0.02862             0.10521            -0.03458            -0.05215             0.06549            -0.01143            -0.04093             0.04364            -0.00630            -0.02627             0.02941            -0.00903            -0.01072             0.01432            -0.00464            -0.00502             0.00689
            18.90000            -0.49316             0.33529            -0.22662            -0.02902             0.10111            -0.03335            -0.04961             0.06258            -0.01121            -0.03883             0.04165            -0.00618            -0.02495             0.02806            -0.00867            -0.01022             0.01371            -0.00449            -0.00478             0.00661
            19.00000            -0.46369             0.31614            -0.21195            -0.02928             0.09714            -0.03214            -0.04719             0.05980            -0.01097            -0.03684             0.03975            -0.00606            -0.02370             0.02677            -0.00833            -0.00974             0.01313            -0.00434            -0.00455             0.00634
            19.10000            -0.43599             0.29810            -0.19822            -0.02941             0.09328            -0.03095            -0.04490             0.05713            -0.01073            -0.03495             0.03793            -0.00594            -0.02250             0.02555            -0.00800            -0.00928             0.01257            -0.00420            -0.00433             0.00608
            19.20000            -0.40996             0.28109            -0.18539            -0.02942             0.08953            -0.02979            -0.04271             0.05458            -0.01048            -0.03317             0.03620            -0.00581            -0.02137             0.02437            -0.00768            -0.00884             0.01204            -0.00406            -0.00412             0.00583
            19.30000            -0.38549             0.26506            -0.17339            -0.02933             0.08590            -0.02866            -0.04064             0.05214            -0.01022            -0.03147             0.03454            -0.00567            -0.02029             0.02325            -0.00737            -0.00842             0.01152            -0.00392            -0.00392             0.00559
            19.40000            -0.36250             0.24994            -0.16216            -0.02915             0.08239            -0.02755            -0.03867             0.04980            -0.00996            -0.02986             0.03296            -0.00554            -0.01927             0.02218            -0.00707            -0.00802             0.01103            -0.00379            -0.00373             0.00536
            19.50000            -0.34088             0.23569            -0.15166            -0.02889             0.07899            -0.02647            -0.03680             0.04757            -0.00970            -0.02833             0.03145            -0.00541            -0.01830             0.02116            -0.00678            -0.00764             0.01056            -0.00366            -0.00355             0.00514
            19.60000            -0.32057             0.22226            -0.14184            -0.02855             0.07571            -0.02542            -0.03501             0.04543            -0.00943            -0.02688             0.03000            -0.00527            -0.01737             0.02018            -0.00651            -0.00728             0.01010            -0.00353            -0.00338             0.00493
            19.70000            -0.30148             0.20960            -0.13266            -0.02816             0.07254            -0.02439            -0.03332             0.04338            -0.00917            -0.02551             0.02862            -0.00513            -0.01650             0.01925            -0.00624            -0.00693             0.00967            -0.00341            -0.00322             0.00473
            19.80000            -0.28353             0.19766            -0.12407            -0.02771             0.06948            -0.02340            -0.03171             0.04142            -0.00890            -0.02421             0.02731            -0.00500            -0.01566             0.01836            -0.00599            -0.00660             0.00925            -0.00329            -0.00306             0.00453
            19.90000            -0.26666             0.18641            -0.11604            -0.02722             0.06652            -0.02244            -0.03018             0.03954            -0.00864            -0.02297             0.02605            -0.00486            -0.01487             0.01751            -0.00575            -0.00629             0.00885            -0.00317            -0.00291             0.00434
