  -10.0000000000000        1.00000000000000     
  -9.80000000000000       0.999975325278678     
  -9.60000000000000       0.999901292588764     
  -9.40000000000000       0.999777876336466     
  -9.20000000000000       0.999605033812279     
  -9.00000000000000       0.999382705110964     
  -8.80000000000000       0.999110813019095     
  -8.60000000000000       0.998789262869692     
  -8.40000000000000       0.998417942363386     
  -8.20000000000000       0.997996721355373     
  -8.00000000000000       0.997525451607303     
  -7.80000000000000       0.997003966503093     
  -7.60000000000000       0.996432080727496     
  -7.40000000000000       0.995809589906084     
  -7.20000000000000       0.995136270205155     
  -7.00000000000000       0.994411877889850     
  -6.80000000000000       0.993636148838614     
  -6.60000000000000       0.992808798011872     
  -6.40000000000000       0.991929518872614     
  -6.20000000000000       0.990997982756293     
  -6.00000000000000       0.990013838187200     
  -5.80000000000000       0.988976710138181     
  -5.60000000000000       0.987886199230244     
  -5.40000000000000       0.986741880868254     
  -5.20000000000000       0.985543304308564     
  -5.00000000000000       0.984289991653967     
  -4.80000000000000       0.982981436770958     
  -4.60000000000000       0.981617104123737     
  -4.40000000000000       0.980196427518891     
  -4.20000000000000       0.978718808754017     
  -4.00000000000000       0.977183616162934     
  -3.80000000000000       0.975590183049346     
  -3.60000000000000       0.973937805999983     
  -3.40000000000000       0.972225743067344     
  -3.20000000000000       0.970453211811102     
  -3.00000000000000       0.968619387186095     
  -2.80000000000000       0.966723399263511     
  -2.60000000000000       0.964764330770452     
  -2.40000000000000       0.962741214431378     
  -2.20000000000000       0.960653030093156     
  -2.00000000000000       0.958498701613300     
  -1.80000000000000       0.956277093488691     
  -1.60000000000000       0.953987007199382     
  -1.40000000000000       0.951627177239072     
  -1.20000000000000       0.949196266800427     
  -1.00000000000000       0.946692863079481     
 -0.800000000000000       0.944115472158896     
 -0.600000000000000       0.941462513424741     
 -0.400000000000000       0.938732313465538     
 -0.200000000000000       0.935923099395597     
  0.000000000000000E+000  0.933032991536807     
  0.200000000000000       0.930059995384024     
  0.400000000000000       0.927001992768695     
  0.600000000000000       0.923856732123142     
  0.800000000000000       0.920621817733667     
   1.00000000000000       0.917294697853924     
   1.20000000000000       0.913872651530387     
   1.40000000000000       0.910352773968604     
   1.60000000000000       0.906731960241531     
   1.80000000000000       0.903006887108731     
   2.00000000000000       0.899173992676451     
   2.20000000000000       0.895229453582174     
   2.40000000000000       0.891169159331443     
   2.60000000000000       0.886988683347371     
   2.80000000000000       0.882683250211494     
   3.00000000000000       0.878247698474931     
   3.20000000000000       0.873676438296658     
   3.40000000000000       0.868963403015105     
   3.60000000000000       0.864101993572686     
   3.80000000000000       0.859085014480141     
   4.00000000000000       0.853904599715404     
   4.20000000000000       0.848552126582596     
   4.40000000000000       0.843018115086697     
   4.60000000000000       0.837292109776552     
   4.80000000000000       0.831362540228840     
   5.00000000000000       0.825216555327718     
   5.20000000000000       0.818839825153693     
   5.40000000000000       0.812216302510172     
   5.60000000000000       0.805327933714032     
   5.80000000000000       0.798154305005396     
   6.00000000000000       0.790672206419902     
   6.20000000000000       0.782855088655522     
   6.40000000000000       0.774672379502350     
   6.60000000000000       0.766088613457888     
   6.80000000000000       0.757062309105045     
   7.00000000000000       0.747544500233472     
   7.20000000000000       0.737476782758872     
   7.40000000000000       0.726788670279597     
   7.60000000000000       0.715393938858733     
   7.80000000000000       0.703185453506096     
   8.00000000000000       0.690027641472558     
   8.20000000000000       0.675745182238508     
   8.40000000000000       0.660105344342649     
   8.60000000000000       0.642789077251334     
   8.80000000000000       0.623340863032178     
   9.00000000000000       0.601074992494625     
   9.20000000000000       0.574882138358851     
   9.40000000000000       0.542770301565996     
   9.60000000000000       0.500513373756591     
   9.80000000000000       0.435732951050181     
   10.0000000000000       5.720001875763862E-004
