# Complex Numerical Function
# X
# Tue May 26 13:43:55 2015
   -0.9424777961E+01    0.4583738349E-02    0.1307939993E-02
   -0.9405928405E+01    0.4950673861E-02    0.1199927765E-02
   -0.9387078849E+01    0.5162861224E-02    0.1071142795E-02
   -0.9368229293E+01    0.5197730918E-02    0.9214951329E-03
   -0.9349379737E+01    0.5036475071E-02    0.7511179804E-03
   -0.9330530181E+01    0.4664921156E-02    0.5603820094E-03
   -0.9311680625E+01    0.4074321934E-02    0.3499080229E-03
   -0.9292831069E+01    0.3262030383E-02    0.1205776979E-03
   -0.9273981513E+01    0.2232029808E-02   -0.1264578432E-03
   -0.9255131957E+01    0.9952918404E-03   -0.3897718825E-03
   -0.9236282402E+01   -0.4300613900E-03   -0.6676586141E-03
   -0.9217432846E+01   -0.2018810001E-02   -0.9581325327E-03
   -0.9198583290E+01   -0.3738917598E-02   -0.1258930910E-02
   -0.9179733734E+01   -0.5552048200E-02   -0.1567519540E-02
   -0.9160884178E+01   -0.7414318969E-02   -0.1881101924E-02
   -0.9142034622E+01   -0.9277281349E-02   -0.2196632007E-02
   -0.9123185066E+01   -0.1108911532E-01   -0.2510830589E-02
   -0.9104335510E+01   -0.1279601359E-01   -0.2820205463E-02
   -0.9085485954E+01   -0.1434372486E-01   -0.3121075301E-02
   -0.9066636398E+01   -0.1567921797E-01   -0.3409597297E-02
   -0.9047786842E+01   -0.1675242225E-01   -0.3681798481E-02
   -0.9028937286E+01   -0.1751799383E-01   -0.3933610627E-02
   -0.9010087730E+01   -0.1793705335E-01   -0.4160908585E-02
   -0.8991238175E+01   -0.1797883763E-01   -0.4359551848E-02
   -0.8972388619E+01   -0.1762220668E-01   -0.4525429102E-02
   -0.8953539063E+01   -0.1685694787E-01   -0.4654505455E-02
   -0.8934689507E+01   -0.1568482189E-01   -0.4742871998E-02
   -0.8915839951E+01   -0.1412029923E-01   -0.4786797299E-02
   -0.8896990395E+01   -0.1219094253E-01   -0.4782780372E-02
   -0.8878140839E+01   -0.9937398331E-02   -0.4727604637E-02
   -0.8859291283E+01   -0.7412971869E-02   -0.4618392322E-02
   -0.8840441727E+01   -0.4682769993E-02   -0.4452658734E-02
   -0.8821592171E+01   -0.1822410136E-02   -0.4228365773E-02
   -0.8802742615E+01    0.1083692957E-02   -0.3943974053E-02
   -0.8783893059E+01    0.3944436782E-02   -0.3598492942E-02
   -0.8765043504E+01    0.6664496488E-02   -0.3191527828E-02
   -0.8746193948E+01    0.9147091642E-02   -0.2723323914E-02
   -0.8727344392E+01    0.1129698651E-01   -0.2194805795E-02
   -0.8708494836E+01    0.1302364398E-01   -0.1607612138E-02
   -0.8689645280E+01    0.1424444307E-01   -0.9641247252E-03
   -0.8670795724E+01    0.1488786173E-01   -0.2674911904E-03
   -0.8651946168E+01    0.1489652137E-01    0.4783592204E-03
   -0.8633096612E+01    0.1422998689E-01    0.1268707493E-02
   -0.8614247056E+01    0.1286721695E-01    0.2098044872E-02
   -0.8595397500E+01    0.1080856297E-01    0.2960081598E-02
   -0.8576547944E+01    0.8077223600E-02    0.3847764814E-02
   -0.8557698388E+01    0.4720072006E-02    0.4753306045E-02
   -0.8538848832E+01    0.8077883519E-03    0.5668218525E-02
   -0.8519999277E+01   -0.3565752800E-02    0.6583364620E-02
   -0.8501149721E+01   -0.8284869803E-02    0.7489013443E-02
   -0.8482300165E+01   -0.1321424293E-01    0.8374908660E-02
   -0.8463450609E+01   -0.1820184758E-01    0.9230346406E-02
   -0.8444601053E+01   -0.2308260878E-01    0.1004426306E-01
   -0.8425751497E+01   -0.2768270821E-01    0.1080533251E-01
   -0.8406901941E+01   -0.3182444994E-01    0.1150207254E-01
   -0.8388052385E+01   -0.3533156700E-01    0.1212295949E-01
   -0.8369202829E+01   -0.3803482953E-01    0.1265655075E-01
   -0.8350353273E+01   -0.3977779641E-01    0.1309161394E-01
   -0.8331503717E+01   -0.4042253788E-01    0.1341726193E-01
   -0.8312654161E+01   -0.3985514625E-01    0.1362309253E-01
   -0.8293804605E+01   -0.3799084698E-01    0.1369933151E-01
   -0.8274955050E+01   -0.3477852324E-01    0.1363697777E-01
   -0.8256105494E+01   -0.3020447353E-01    0.1342794889E-01
   -0.8237255938E+01   -0.2429523521E-01    0.1306522582E-01
   -0.8218406382E+01   -0.1711932551E-01    0.1254299478E-01
   -0.8199556826E+01   -0.8787776933E-02    0.1185678472E-01
   -0.8180707270E+01    0.5466257335E-03    0.1100359866E-01
   -0.8161857714E+01    0.1069146418E-01    0.9982036914E-02
   -0.8143008158E+01    0.2141817895E-01    0.8792410441E-02
   -0.8124158602E+01    0.3246691092E-01    0.7436842471E-02
   -0.8105309046E+01    0.4355262300E-01    0.5919356543E-02
   -0.8086459490E+01    0.5437238831E-01    0.4245949190E-02
   -0.8067609934E+01    0.6461368691E-01    0.2424645532E-02
   -0.8048760378E+01    0.7396351172E-01    0.4655361336E-03
   -0.8029910823E+01    0.8211804587E-01   -0.1619206387E-02
   -0.8011061267E+01    0.8879264142E-01   -0.3815332416E-02
   -0.7992211711E+01    0.9373180278E-01   -0.6106543283E-02
   -0.7973362155E+01    0.9671886026E-01   -0.8474543161E-02
   -0.7954512599E+01    0.9758500950E-01   -0.1089911576E-01
   -0.7935663043E+01    0.9621739278E-01   -0.1335822646E-01
   -0.7916813487E+01    0.9256590914E-01   -0.1582815026E-01
   -0.7897963931E+01    0.8664846113E-01   -0.1828362561E-01
   -0.7879114375E+01    0.7855437806E-01   -0.2069803415E-01
   -0.7860264819E+01    0.6844579756E-01   -0.2304360556E-01
   -0.7841415263E+01    0.5655683856E-01   -0.2529164718E-01
   -0.7822565707E+01    0.4319045905E-01   -0.2741279690E-01
   -0.7803716152E+01    0.2871295836E-01   -0.2937729829E-01
   -0.7784866596E+01    0.1354615628E-01   -0.3115529593E-01
   -0.7766017040E+01   -0.1842643689E-02   -0.3271714913E-01
   -0.7747167484E+01   -0.1695272271E-01   -0.3403376148E-01
   -0.7728317928E+01   -0.3126378755E-01   -0.3507692372E-01
   -0.7709468372E+01   -0.4425125348E-01   -0.3581966674E-01
   -0.7690618816E+01   -0.5540257312E-01   -0.3623662166E-01
   -0.7671769260E+01   -0.6423415931E-01   -0.3630438327E-01
   -0.7652919704E+01   -0.7030840400E-01   -0.3600187316E-01
   -0.7634070148E+01   -0.7325026351E-01   -0.3531069858E-01
   -0.7615220592E+01   -0.7276286246E-01   -0.3421550273E-01
   -0.7596371036E+01   -0.6864156822E-01   -0.3270430241E-01
   -0.7577521480E+01   -0.6078600356E-01   -0.3076880833E-01
   -0.7558671925E+01   -0.4920949931E-01   -0.2840472395E-01
   -0.7539822369E+01   -0.3404554093E-01   -0.2561201807E-01
   -0.7520972813E+01   -0.1555083152E-01   -0.2239516699E-01
   -0.7502123257E+01    0.5895321315E-02   -0.1876336169E-01
   -0.7483273701E+01    0.2979548791E-01   -0.1473067601E-01
   -0.7464424145E+01    0.5554255129E-01   -0.1031619167E-01
   -0.7445574589E+01    0.8243205689E-01   -0.5544076481E-02
   -0.7426725033E+01    0.1096783148E+00   -0.4436122609E-03
   -0.7407875477E+01    0.1364339643E+00    0.4950830632E-02
   -0.7389025921E+01    0.1618125859E+00    0.1059987479E-01
   -0.7370176365E+01    0.1849138251E+00    0.1645927548E-01
   -0.7351326809E+01    0.2048503842E+00    0.2248012028E-01
   -0.7332477253E+01    0.2207761430E+00    0.2860908973E-01
   -0.7313627698E+01    0.2319145911E+00    0.3478877950E-01
   -0.7294778142E+01    0.2375867016E+00    0.4095808392E-01
   -0.7275928586E+01    0.2372373415E+00    0.4705264009E-01
   -0.7257079030E+01    0.2304593120E+00    0.5300533098E-01
   -0.7238229474E+01    0.2170141355E+00    0.5874684528E-01
   -0.7219379918E+01    0.1968487592E+00    0.6420629101E-01
   -0.7200530362E+01    0.1701074275E+00    0.6931185911E-01
   -0.7181680806E+01    0.1371380861E+00    0.7399153255E-01
   -0.7162831250E+01    0.9849281751E-01    0.7817383568E-01
   -0.7143981694E+01    0.5492196815E-01    0.8178861789E-01
   -0.7125132138E+01    0.7361805145E-02    0.8476786495E-01
   -0.7106282582E+01   -0.4308426229E-01    0.8704653071E-01
   -0.7087433026E+01   -0.9517066042E-01    0.8856338127E-01
   -0.7068583471E+01   -0.1475403821E+00    0.8926184314E-01
   -0.7049733915E+01   -0.1987608220E+00    0.8909084657E-01
   -0.7030884359E+01   -0.2473638715E+00    0.8800565453E-01
   -0.7012034803E+01   -0.2918892491E+00    0.8596866777E-01
   -0.6993185247E+01   -0.3309298859E+00    0.8295019603E-01
   -0.6974335691E+01   -0.3631780596E+00    0.7892918534E-01
   -0.6955486135E+01   -0.3874708739E+00    0.7389389124E-01
   -0.6936636579E+01   -0.4028336305E+00    0.6784248799E-01
   -0.6917787023E+01   -0.4085196257E+00    0.6078360380E-01
   -0.6898937467E+01   -0.4040449407E+00    0.5273677265E-01
   -0.6880087911E+01   -0.3892168754E+00    0.4373279347E-01
   -0.6861238355E+01   -0.3641548029E+00    0.3381398813E-01
   -0.6842388800E+01   -0.3293023959E+00    0.2303435030E-01
   -0.6823539244E+01   -0.2854303919E+00    0.1145957811E-01
   -0.6804689688E+01   -0.2336293164E+00   -0.8330157917E-03
   -0.6785840132E+01   -0.1752918667E+00   -0.1375472184E-01
   -0.6766990576E+01   -0.1120849701E+00   -0.2720578296E-01
   -0.6748141020E+01   -0.4591185066E-01   -0.4107587875E-01
   -0.6729291464E+01    0.2113522848E-01   -0.5524474584E-01
   -0.6710441908E+01    0.8683055555E-01   -0.6958293470E-01
   -0.6691592352E+01    0.1488775891E+00   -0.8395270156E-01
   -0.6672742796E+01    0.2049770149E+00   -0.9820903257E-01
   -0.6653893240E+01    0.2528983989E+00   -0.1122007958E+00
   -0.6635043684E+01    0.2905533878E+00   -0.1257720152E+00
   -0.6616194128E+01    0.3160682555E+00   -0.1387632584E+00
   -0.6597344573E+01    0.3278535044E+00   -0.1510131301E+00
   -0.6578495017E+01    0.3246682045E+00   -0.1623598588E+00
   -0.6559645461E+01    0.3056768031E+00   -0.1726429665E+00
   -0.6540795905E+01    0.2704962564E+00   -0.1817050047E+00
   -0.6521946349E+01    0.2192315312E+00   -0.1893933447E+00
   -0.6503096793E+01    0.1524977907E+00   -0.1955620034E+00
   -0.6484247237E+01    0.7142790638E-01   -0.2000734871E+00
   -0.6465397681E+01   -0.2233566648E-01   -0.2028006355E+00
   -0.6446548125E+01   -0.1266651758E+00   -0.2036284456E+00
   -0.6427698569E+01   -0.2389880682E+00   -0.2024558550E+00
   -0.6408849013E+01   -0.3563432367E+00   -0.1991974638E+00
   -0.6389999457E+01   -0.4754520502E+00   -0.1937851743E+00
   -0.6371149901E+01   -0.5928026865E+00   -0.1861697258E+00
   -0.6352300346E+01   -0.7047458036E+00   -0.1763221054E+00
   -0.6333450790E+01   -0.8075991354E+00   -0.1642348117E+00
   -0.6314601234E+01   -0.8977582031E+00   -0.1499229521E+00
   -0.6295751678E+01   -0.9718100075E+00   -0.1334251553E+00
   -0.6276902122E+01   -0.1026646323E+01   -0.1148042780E+00
   -0.6258052566E+01   -0.1059573067E+01   -0.9414789112E-01
   -0.6239203010E+01   -0.1068412165E+01   -0.7156852976E-01
   -0.6220353454E+01   -0.1051592407E+01   -0.4720369184E-01
   -0.6201503898E+01   -0.1008225952E+01   -0.2121557565E-01
   -0.6182654342E+01   -0.9381674434E+00    0.6209453879E-02
   -0.6163804786E+01   -0.8420530699E+00    0.3486167673E-01
   -0.6144955230E+01   -0.7213174400E+00    0.6450911121E-01
   -0.6126105675E+01   -0.5781866936E+00    0.9489889057E-01
   -0.6107256119E+01   -0.4156469634E+00    0.1257589209E+00
   -0.6088406563E+01   -0.2373880134E+00    0.1567998157E+00
   -0.6069557007E+01   -0.4772264782E-01    0.1877170989E+00
   -0.6050707451E+01    0.1485167351E+00    0.2181936655E+00
   -0.6031857895E+01    0.3461022959E+00    0.2479024842E+00
   -0.6013008339E+01    0.5395527227E+00    0.2765095263E+00
   -0.5994158783E+01    0.7232894404E+00    0.3036768974E+00
   -0.5975309227E+01    0.8918028746E+00    0.3290661502E+00
   -0.5956459671E+01    0.1039824088E+01    0.3523417497E+00
   -0.5937610115E+01    0.1162496717E+01    0.3731746615E+00
   -0.5918760559E+01    0.1255543915E+01    0.3912460313E+00
   -0.5899911003E+01    0.1315424897E+01    0.4062509195E+00
   -0.5881061448E+01    0.1339475789E+01    0.4179020552E+00
   -0.5862211892E+01    0.1326029724E+01    0.4259335697E+00
   -0.5843362336E+01    0.1274511523E+01    0.4301046701E+00
   -0.5824512780E+01    0.1185502930E+01    0.4302032110E+00
   -0.5805663224E+01    0.1060775042E+01    0.4260491232E+00
   -0.5786813668E+01    0.9032855083E+00    0.4174976556E+00
   -0.5767964112E+01    0.7171389981E+00    0.4044423900E+00
   -0.5749114556E+01    0.5075105626E+00    0.3868179858E+00
   -0.5730265000E+01    0.2805326109E+00    0.3646026148E+00
   -0.5711415444E+01    0.4314740506E-01    0.3378200480E+00
   -0.5692565888E+01   -0.1970718814E+00    0.3065413564E+00
   -0.5673716332E+01   -0.4321273851E+00    0.2708861929E+00
   -0.5654866776E+01   -0.6538248731E+00    0.2310236234E+00
   -0.5636017221E+01   -0.8540180735E+00    0.1871724799E+00
   -0.5617167665E+01   -0.1024862166E+01    0.1396012122E+00
   -0.5598318109E+01   -0.1159069009E+01    0.8862721787E-01
   -0.5579468553E+01   -0.1250156301E+01    0.3461563769E-01
   -0.5560618997E+01   -0.1292682745E+01   -0.2202239480E-01
   -0.5541769441E+01   -0.1282461346E+01   -0.8083205217E-01
   -0.5522919885E+01   -0.1216743374E+01   -0.1413176597E+00
   -0.5504070329E+01   -0.1094366039E+01   -0.2029460816E+00
   -0.5485220773E+01   -0.9158578402E+00   -0.2651506341E+00
   -0.5466371217E+01   -0.6834965290E+00   -0.3273355041E+00
   -0.5447521661E+01   -0.4013159372E+00   -0.3888806506E+00
   -0.5428672105E+01   -0.7505931636E-01   -0.4491471529E+00
   -0.5409822549E+01    0.2879216008E+00   -0.5074829712E+00
   -0.5390972994E+01    0.6788209616E+00   -0.5632290735E+00
   -0.5372123438E+01    0.1087584036E+01   -0.6157258805E+00
   -0.5353273882E+01    0.1503159125E+01   -0.6643199729E+00
   -0.5334424326E+01    0.1913790300E+01   -0.7083710015E+00
   -0.5315574770E+01    0.2307343651E+01   -0.7472587365E+00
   -0.5296725214E+01    0.2671658374E+01   -0.7803901869E+00
   -0.5277875658E+01    0.2994912927E+01   -0.8072067188E+00
   -0.5259026102E+01    0.3265995615E+01   -0.8271910983E+00
   -0.5240176546E+01    0.3474868397E+01   -0.8398743818E+00
   -0.5221326990E+01    0.3612912498E+01   -0.8448425773E+00
   -0.5202477434E+01    0.3673244466E+01   -0.8417429966E+00
   -0.5183627878E+01    0.3650991822E+01   -0.8302902213E+00
   -0.5164778323E+01    0.3543518255E+01   -0.8102716059E+00
   -0.5145928767E+01    0.3350589452E+01   -0.7815522415E+00
   -0.5127079211E+01    0.3074472170E+01   -0.7440793091E+00
   -0.5108229655E+01    0.2719960901E+01   -0.6978857544E+00
   -0.5089380099E+01    0.2294328508E+01   -0.6430932183E+00
   -0.5070530543E+01    0.1807199405E+01   -0.5799141666E+00
   -0.5051680987E+01    0.1270346183E+01   -0.5086531653E+00
   -0.5032831431E+01    0.6974129992E+00   -0.4297072578E+00
   -0.5013981875E+01    0.1035714001E+00   -0.3435654052E+00
   -0.4995132319E+01   -0.4948834248E+00   -0.2508069615E+00
   -0.4976282763E+01   -0.1080985844E+01   -0.1520991644E+00
   -0.4957433207E+01   -0.1637590403E+01   -0.4819363050E-01
   -0.4938583651E+01   -0.2147886226E+01    0.6007814346E-01
   -0.4919734096E+01   -0.2595920316E+01    0.1718102648E+00
   -0.4900884540E+01   -0.2967114045E+01    0.2860288916E+00
   -0.4882034984E+01   -0.3248756726E+01    0.4016996111E+00
   -0.4863185428E+01   -0.3430460309E+01    0.5177357056E+00
   -0.4844335872E+01   -0.3504559791E+01    0.6330072528E+00
   -0.4825486316E+01   -0.3466445095E+01    0.7463509958E+00
   -0.4806636760E+01   -0.3314811692E+01    0.8565809074E+00
   -0.4787787204E+01   -0.3051819341E+01    0.9624993640E+00
   -0.4768937648E+01   -0.2683150701E+01    0.1062908835E+01
   -0.4750088092E+01   -0.2217964397E+01    0.1156623985E+01
   -0.4731238536E+01   -0.1668740138E+01    0.1242484075E+01
   -0.4712388980E+01   -0.1051016739E+01    0.1319365550E+01
   -0.4693539424E+01   -0.3830272144E+00    0.1386194687E+01
   -0.4674689869E+01    0.3147615806E+00    0.1441960164E+01
   -0.4655840313E+01    0.1020194069E+01    0.1485725441E+01
   -0.4636990757E+01    0.1710042173E+01    0.1516640795E+01
   -0.4618141201E+01    0.2360676294E+01    0.1533954881E+01
   -0.4599291645E+01    0.2948772461E+01    0.1537025691E+01
   -0.4580442089E+01    0.3452035295E+01    0.1525330762E+01
   -0.4561592533E+01    0.3849915225E+01    0.1498476518E+01
   -0.4542742977E+01    0.4124297826E+01    0.1456206605E+01
   -0.4523893421E+01    0.4260143254E+01    0.1398409117E+01
   -0.4505043865E+01    0.4246054489E+01    0.1325122578E+01
   -0.4486194309E+01    0.4074754575E+01    0.1236540603E+01
   -0.4467344753E+01    0.3743455162E+01    0.1133015124E+01
   -0.4448495197E+01    0.3254101363E+01    0.1015058116E+01
   -0.4429645642E+01    0.2613481257E+01    0.8833417428E+00
   -0.4410796086E+01    0.1833192085E+01    0.7386968836E+00
   -0.4391946530E+01    0.9294593518E+00    0.5821099912E+00
   -0.4373096974E+01   -0.7719059102E-01    0.4147182651E+00
   -0.4354247418E+01   -0.1162399406E+01    0.2378031357E+00
   -0.4335397862E+01   -0.2298577469E+01    0.5278206967E-01
   -0.4316548306E+01   -0.3455622469E+01   -0.1388012700E+00
   -0.4297698750E+01   -0.4601737883E+01   -0.3352884625E+00
   -0.4278849194E+01   -0.5704329668E+01   -0.5349192971E+00
   -0.4259999638E+01   -0.6730956393E+01   -0.7358461876E+00
   -0.4241150082E+01   -0.7650305605E+01   -0.9361499280E+00
   -0.4222300526E+01   -0.8433167541E+01   -0.1133856671E+01
   -0.4203450971E+01   -0.9053376440E+01   -0.1326955990E+01
   -0.4184601415E+01   -0.9488689765E+01   -0.1513419881E+01
   -0.4165751859E+01   -0.9721576589E+01   -0.1691222520E+01
   -0.4146902303E+01   -0.9739888267E+01   -0.1858360621E+01
   -0.4128052747E+01   -0.9537387276E+01   -0.2012874178E+01
   -0.4109203191E+01   -0.9114113685E+01   -0.2152867412E+01
   -0.4090353635E+01   -0.8476573037E+01   -0.2276529698E+01
   -0.4071504079E+01   -0.7637734398E+01   -0.2382156262E+01
   -0.4052654523E+01   -0.6616832759E+01   -0.2468168435E+01
   -0.4033804967E+01   -0.5438975814E+01   -0.2533133231E+01
   -0.4014955411E+01   -0.4134561092E+01   -0.2575782036E+01
   -0.3996105855E+01   -0.2738515420E+01   -0.2595028189E+01
   -0.3977256299E+01   -0.1289374482E+01   -0.2589983241E+01
   -0.3958406744E+01    0.1717743384E+00   -0.2559971684E+01
   -0.3939557188E+01    0.1602457762E+01   -0.2504543960E+01
   -0.3920707632E+01    0.2960058825E+01   -0.2423487565E+01
   -0.3901858076E+01    0.4203099987E+01   -0.2316836069E+01
   -0.3883008520E+01    0.5292529290E+01   -0.2184875925E+01
   -0.3864158964E+01    0.6192970535E+01   -0.2028150896E+01
   -0.3845309408E+01    0.6873898386E+01   -0.1847464031E+01
   -0.3826459852E+01    0.7310700450E+01   -0.1643877061E+01
   -0.3807610296E+01    0.7485590754E+01   -0.1418707170E+01
   -0.3788760740E+01    0.7388342515E+01   -0.1173521102E+01
   -0.3769911184E+01    0.7016812718E+01   -0.9101265735E+00
   -0.3751061628E+01    0.6377236567E+01   -0.6305610191E+00
   -0.3732212072E+01    0.5484276276E+01   -0.3370777095E+00
   -0.3713362517E+01    0.4360815731E+01   -0.3212930390E-01
   -0.3694512961E+01    0.3037500063E+01    0.2816510578E+00
   -0.3675663405E+01    0.1552026924E+01    0.6014709992E+00
   -0.3656813849E+01   -0.5179595504E-01    0.9244023357E+00
   -0.3637964293E+01   -0.1725204837E+01    0.1247406504E+01
   -0.3619114737E+01   -0.3415816507E+01    0.1567361788E+01
   -0.3600265181E+01   -0.5069111714E+01    0.1881092114E+01
   -0.3581415625E+01   -0.6630024530E+01    0.2185397154E+01
   -0.3562566069E+01   -0.8044592294E+01    0.2477083477E+01
   -0.3543716513E+01   -0.9261617696E+01    0.2752996451E+01
   -0.3524866957E+01   -0.1023429291E+02    0.3010052582E+01
   -0.3506017401E+01   -0.1092173547E+02    0.3245271995E+01
   -0.3487167845E+01   -0.1129038695E+02    0.3455810700E+01
   -0.3468318290E+01   -0.1131522835E+02    0.3638992335E+01
   -0.3449468734E+01   -0.1098077050E+02    0.3792339030E+01
   -0.3430619178E+01   -0.1028178347E+02    0.3913601066E+01
   -0.3411769622E+01   -0.9223736126E+01    0.4000784995E+01
   -0.3392920066E+01   -0.7822924784E+01    0.4052179892E+01
   -0.3374070510E+01   -0.6106279208E+01    0.4066381423E+01
   -0.3355220954E+01   -0.4110843307E+01    0.4042313448E+01
   -0.3336371398E+01   -0.1882938030E+01    0.3979246848E+01
   -0.3317521842E+01    0.5229763427E+00    0.3876815343E+01
   -0.3298672286E+01    0.3045711690E+01    0.3735028055E+01
   -0.3279822730E+01    0.5619001485E+01    0.3554278604E+01
   -0.3260973174E+01    0.8173344241E+01    0.3335350576E+01
   -0.3242123619E+01    0.1063799000E+02    0.3079419206E+01
   -0.3223274063E+01    0.1294301335E+02    0.2788049171E+01
   -0.3204424507E+01    0.1502141231E+02    0.2463188437E+01
   -0.3185574951E+01    0.1681117042E+02    0.2107158102E+01
   -0.3166725395E+01    0.1825721855E+02    0.1722638277E+01
   -0.3147875839E+01    0.1931323494E+02    0.1312650023E+01
   -0.3129026283E+01    0.1994322508E+02    0.8805334699E+00
   -0.3110176727E+01    0.2012282842E+02    0.4299222150E+00
   -0.3091327171E+01    0.1984030603E+02   -0.3528579139E-01
   -0.3072477615E+01    0.1909717192E+02   -0.5109606794E+00
   -0.3053628059E+01    0.1790844057E+02   -0.9927761493E+00
   -0.3034778503E+01    0.1630247433E+02   -0.1476247728E+01
   -0.3015928947E+01    0.1432042619E+02   -0.1956773468E+01
   -0.2997079392E+01    0.1201528540E+02   -0.2429676726E+01
   -0.2978229836E+01    0.9450545945E+01   -0.2890250638E+01
   -0.2959380280E+01    0.6698529445E+01   -0.3333803879E+01
   -0.2940530724E+01    0.3838405515E+01   -0.3755707261E+01
   -0.2921681168E+01    0.9539626770E+00   -0.4151440735E+01
   -0.2902831612E+01   -0.1868808366E+01   -0.4516640303E+01
   -0.2883982056E+01   -0.4544250176E+01   -0.4847144389E+01
   -0.2865132500E+01   -0.6989618728E+01   -0.5139039176E+01
   -0.2846282944E+01   -0.9127631267E+01   -0.5388702423E+01
   -0.2827433388E+01   -0.1088890419E+02   -0.5592845297E+01
   -0.2808583832E+01   -0.1221420497E+02   -0.5748551754E+01
   -0.2789734276E+01   -0.1305644602E+02   -0.5853315013E+01
   -0.2770884720E+01   -0.1338235495E+02   -0.5905070696E+01
   -0.2752035165E+01   -0.1317376376E+02   -0.5902226244E+01
   -0.2733185609E+01   -0.1242847018E+02   -0.5843686214E+01
   -0.2714336053E+01   -0.1116063610E+02   -0.5728873135E+01
   -0.2695486497E+01   -0.9400701633E+01   -0.5557743620E+01
   -0.2676636941E+01   -0.7194807228E+01   -0.5330799468E+01
   -0.2657787385E+01   -0.4603731361E+01   -0.5049093560E+01
   -0.2638937829E+01   -0.1701365953E+01   -0.4714230377E+01
   -0.2620088273E+01    0.1427233815E+01   -0.4328361025E+01
   -0.2601238717E+01    0.4688174986E+01   -0.3894172730E+01
   -0.2582389161E+01    0.7981364953E+01   -0.3414872787E+01
   -0.2563539605E+01    0.1120338884E+02   -0.2894167017E+01
   -0.2544690049E+01    0.1425054406E+02   -0.2336232866E+01
   -0.2525840493E+01    0.1702194373E+02   -0.1745687289E+01
   -0.2506990938E+01    0.1942259652E+02   -0.1127549672E+01
   -0.2488141382E+01    0.2136636993E+02   -0.4872000524E+00
   -0.2469291826E+01    0.2277874521E+02    0.1696670090E+00
   -0.2450442270E+01    0.2359927723E+02    0.8370925345E+00
   -0.2431592714E+01    0.2378367943E+02    0.1508906769E+01
   -0.2412743158E+01    0.2330546421E+02    0.2178785882E+01
   -0.2393893602E+01    0.2215708106E+02    0.2840311213E+01
   -0.2375044046E+01    0.2035050901E+02    0.3487030511E+01
   -0.2356194490E+01    0.1791727547E+02    0.4112520577E+01
   -0.2337344934E+01    0.1490789074E+02    0.4710450725E+01
   -0.2318495378E+01    0.1139070456E+02    0.5274646400E+01
   -0.2299645822E+01    0.7450208901E+01    0.5799152360E+01
   -0.2280796267E+01    0.3184828233E+01    0.6278294738E+01
   -0.2261946711E+01   -0.1295745114E+01    0.6706741367E+01
   -0.2243097155E+01   -0.5873598381E+01    0.7079559720E+01
   -0.2224247599E+01   -0.1042594346E+02    0.7392271845E+01
   -0.2205398043E+01   -0.1482866418E+02    0.7640905699E+01
   -0.2186548487E+01   -0.1895996253E+02    0.7822042291E+01
   -0.2167698931E+01   -0.2270399595E+02    0.7932858113E+01
   -0.2148849375E+01   -0.2595439623E+02    0.7971162334E+01
   -0.2129999819E+01   -0.2861756230E+02    0.7935428324E+01
   -0.2111150263E+01   -0.3061562436E+02    0.7824819080E+01
   -0.2092300707E+01   -0.3188898507E+02    0.7639206217E+01
   -0.2073451151E+01   -0.3239835464E+02    0.7379182229E+01
   -0.2054601595E+01   -0.3212621079E+02    0.7046065797E+01
   -0.2035752040E+01   -0.3107763078E+02    0.6641899975E+01
   -0.2016902484E+01   -0.2928046075E+02    0.6169443181E+01
   -0.1998052928E+01   -0.2678480725E+02    0.5632152963E+01
   -0.1979203372E+01   -0.2366185588E+02    0.5034162598E+01
   -0.1960353816E+01   -0.2000204258E+02    0.4380250664E+01
   -0.1941504260E+01   -0.1591262266E+02    0.3675803772E+01
   -0.1922654704E+01   -0.1151470198E+02    0.2926772752E+01
   -0.1903805148E+01   -0.6939811401E+01    0.2139622621E+01
   -0.1884955592E+01   -0.2326121025E+01    0.1321276762E+01
   -0.1866106036E+01    0.2185597463E+01    0.4790557900E+00
   -0.1847256480E+01    0.6456142440E+01   -0.3793883682E+00
   -0.1828406924E+01    0.1035206465E+02   -0.1246142563E+01
   -0.1809557368E+01    0.1374973472E+02   -0.2113106052E+01
   -0.1790707813E+01    0.1653917202E+02   -0.2972066973E+01
   -0.1771858257E+01    0.1862751682E+02   -0.3814780926E+01
   -0.1753008701E+01    0.1994203642E+02   -0.4633050922E+01
   -0.1734159145E+01    0.2043256890E+02   -0.5418807890E+01
   -0.1715309589E+01    0.2007332348E+02   -0.6164190966E+01
   -0.1696460033E+01    0.1886397517E+02   -0.6861626742E+01
   -0.1677610477E+01    0.1683001139E+02   -0.7503906680E+01
   -0.1658760921E+01    0.1402231077E+02   -0.8084261877E+01
   -0.1639911365E+01    0.1051595663E+02   -0.8596434418E+01
   -0.1621061809E+01    0.6408311406E+01   -0.9034744548E+01
   -0.1602212253E+01    0.1816400198E+01   -0.9394152946E+01
   -0.1583362697E+01   -0.3126326399E+01   -0.9670317418E+01
   -0.1564513141E+01   -0.8273760824E+01   -0.9859643376E+01
   -0.1545663586E+01   -0.1347133184E+02   -0.9959327529E+01
   -0.1526814030E+01   -0.1856050197E+02   -0.9967394259E+01
   -0.1507964474E+01   -0.2338343782E+02   -0.9882724255E+01
   -0.1489114918E+01   -0.2778771537E+02   -0.9705075017E+01
   -0.1470265362E+01   -0.3163091968E+02   -0.9435092930E+01
   -0.1451415806E+01   -0.3478499985E+02   -0.9074316718E+01
   -0.1432566250E+01   -0.3714024610E+02   -0.8625172124E+01
   -0.1413716694E+01   -0.3860876568E+02   -0.8090957795E+01
   -0.1394867138E+01   -0.3912734787E+02   -0.7475822407E+01
   -0.1376017582E+01   -0.3865962575E+02   -0.6784733179E+01
   -0.1357168026E+01   -0.3719746245E+02   -0.6023435991E+01
   -0.1338318470E+01   -0.3476151222E+02   -0.5198407428E+01
   -0.1319468915E+01   -0.3140093089E+02   -0.4316799147E+01
   -0.1300619359E+01   -0.2719223574E+02   -0.3386375043E+01
   -0.1281769803E+01   -0.2223734016E+02   -0.2415441772E+01
   -0.1262920247E+01   -0.1666081378E+02   -0.1412773270E+01
   -0.1244070691E+01   -0.1060644244E+02   -0.3875299501E+00
   -0.1225221135E+01   -0.4233184043E+01    0.6508266523E+00
   -0.1206371579E+01    0.2289364525E+01    0.1692622981E+01
   -0.1187522023E+01    0.8785858287E+01    0.2728065454E+01
   -0.1168672467E+01    0.1508031012E+02    0.3747334454E+01
   -0.1149822911E+01    0.2100126095E+02    0.4740679403E+01
   -0.1130973355E+01    0.2638686027E+02    0.5698513966E+01
   -0.1112123799E+01    0.3108970432E+02    0.6611510458E+01
   -0.1093274243E+01    0.3498128530E+02    0.7470692481E+01
   -0.1074424688E+01    0.3795591524E+02    0.8267524876E+01
   -0.1055575132E+01    0.3993400318E+02    0.8994000049E+01
   -0.1036725576E+01    0.4086458220E+02    0.9642719801E+01
   -0.1017876020E+01    0.4072700504E+02    0.1020697180E+02
   -0.9990264638E+00    0.3953175098E+02    0.1068079990E+02
   -0.9801769079E+00    0.3732031326E+02    0.1105906752E+02
   -0.9613273520E+00    0.3416416329E+02    0.1133751351E+02
   -0.9424777961E+00    0.3016281595E+02    0.1151279971E+02
   -0.9236282402E+00    0.2544104728E+02    0.1158254990E+02
   -0.9047786842E+00    0.2014534157E+02    0.1154537943E+02
   -0.8859291283E+00    0.1443966892E+02    0.1140091544E+02
   -0.8670795724E+00    0.8500714666E+01    0.1114980720E+02
   -0.8482300165E+00    0.2512699622E+01    0.1079372646E+02
   -0.8293804605E+00   -0.3338056594E+01    0.1033535784E+02
   -0.8105309046E+00   -0.8868668522E+01    0.9778379140E+01
   -0.7916813487E+00   -0.1390514925E+02    0.9127431789E+01
   -0.7728317928E+00   -0.1828764255E+02    0.8388081688E+01
   -0.7539822369E+00   -0.2187526498E+02    0.7566770706E+01
   -0.7351326809E+00   -0.2455041098E+02    0.6670759322E+01
   -0.7162831250E+00   -0.2622238924E+02    0.5708060899E+01
   -0.6974335691E+00   -0.2683027774E+02    0.4687368218E+01
   -0.6785840132E+00   -0.2634490812E+02    0.3617972947E+01
   -0.6597344573E+00   -0.2476991503E+02    0.2509678817E+01
   -0.6408849013E+00   -0.2214181449E+02    0.1372709337E+01
   -0.6220353454E+00   -0.1852910360E+02    0.2176109339E+00
   -0.6031857895E+00   -0.1403040381E+02   -0.9448475338E+00
   -0.5843362336E+00   -0.8771698249E+01   -0.2103777914E+01
   -0.5654866776E+00   -0.2902741413E+01   -0.3248277530E+01
   -0.5466371217E+00    0.3407255540E+01   -0.4367534553E+01
   -0.5277875658E+00    0.9974538390E+01   -0.5450932926E+01
   -0.5089380099E+00    0.1660617835E+02   -0.6488155796E+01
   -0.4900884540E+00    0.2310573723E+02   -0.7469286428E+01
   -0.4712388980E+00    0.2927906143E+02   -0.8384905572E+01
   -0.4523893421E+00    0.3494003261E+02   -0.9226184321E+01
   -0.4335397862E+00    0.3991610319E+02   -0.9984971506E+01
   -0.4146902303E+00    0.4405345096E+02   -0.1065387474E+02
   -0.3958406744E+00    0.4722159777E+02   -0.1122633433E+02
   -0.3769911184E+00    0.4931735273E+02   -0.1169668916E+02
   -0.3581415625E+00    0.5026796031E+02   -0.1206023413E+02
   -0.3392920066E+00    0.5003335692E+02   -0.1231326821E+02
   -0.3204424507E+00    0.4860746626E+02   -0.1245313293E+02
   -0.3015928947E+00    0.4601849197E+02   -0.1247824070E+02
   -0.2827433388E+00    0.4232819636E+02   -0.1238809267E+02
   -0.2638937829E+00    0.3763018403E+02   -0.1218328607E+02
   -0.2450442270E+00    0.3204723921E+02   -0.1186551074E+02
   -0.2261946711E+00    0.2572779399E+02   -0.1143753498E+02
   -0.2073451151E+00    0.1884163082E+02   -0.1090318083E+02
   -0.1884955592E+00    0.1157494577E+02   -0.1026728899E+02
   -0.1696460033E+00    0.4124918307E+01   -0.9535673659E+01
   -0.1507964474E+00   -0.3306051419E+01   -0.8715067853E+01
   -0.1319468915E+00   -0.1051626689E+02   -0.7813059591E+01
   -0.1130973355E+00   -0.1731064492E+02   -0.6838019670E+01
   -0.9424777961E-01   -0.2350643498E+02   -0.5799021679E+01
   -0.7539822369E-01   -0.2893857755E+02   -0.4705755074E+01
   -0.5654866776E-01   -0.3346454207E+02   -0.3568432144E+01
   -0.3769911184E-01   -0.3696849978E+02   -0.2397689806E+01
   -0.1884955592E-01   -0.3936470736E+02   -0.1204487184E+01
    0.0000000000E+00   -0.4060000000E+02    0.0000000000E+00
    0.1884955592E-01   -0.4065531978E+02    0.1204487184E+01
    0.3769911184E-01   -0.3954623370E+02    0.2397689806E+01
    0.5654866776E-01   -0.3732242599E+02    0.3568432144E+01
    0.7539822369E-01   -0.3406618008E+02    0.4705755074E+01
    0.9424777961E-01   -0.2988989570E+02    0.5799021679E+01
    0.1130973355E+00   -0.2493271549E+02    0.6838019670E+01
    0.1319468915E+00   -0.1935636208E+02    0.7813059591E+01
    0.1507964474E+00   -0.1334031006E+02    0.8715067853E+01
    0.1696460033E+00   -0.7076437252E+01    0.9535673659E+01
    0.1884955592E+00   -0.7633148191E+00    0.1026728899E+02
    0.2073451151E+00    0.5399693255E+01    0.1090318083E+02
    0.2261946711E+00    0.1121834558E+02    0.1143753498E+02
    0.2450442270E+00    0.1650927754E+02    0.1186551074E+02
    0.2638937829E+00    0.2110542325E+02    0.1218328607E+02
    0.2827433388E+00    0.2486094441E+02    0.1238809267E+02
    0.3015928947E+00    0.2765552037E+02    0.1247824070E+02
    0.3204424507E+00    0.2939787285E+02    0.1245313293E+02
    0.3392920066E+00    0.3002842193E+02    0.1231326821E+02
    0.3581415625E+00    0.2952099629E+02    0.1206023413E+02
    0.3769911184E+00    0.2788354881E+02    0.1169668916E+02
    0.3958406744E+00    0.2515785867E+02    0.1122633433E+02
    0.4146902303E+00    0.2141823139E+02    0.1065387474E+02
    0.4335397862E+00    0.1676923802E+02    0.9984971506E+01
    0.4523893421E+00    0.1134256345E+02    0.9226184321E+01
    0.4712388980E+00    0.5293060119E+01    0.8384905572E+01
    0.4900884540E+00   -0.1205873218E+01    0.7469286428E+01
    0.5089380099E+00   -0.7967448037E+01    0.6488155796E+01
    0.5277875658E+00   -0.1479702300E+02    0.5450932926E+01
    0.5466371217E+00   -0.2149785539E+02    0.4367534553E+01
    0.5654866776E+00   -0.2787689544E+02    0.3248277530E+01
    0.5843362336E+00   -0.3375045116E+02    0.2103777914E+01
    0.6031857895E+00   -0.3894955598E+02    0.9448475338E+00
    0.6220353454E+00   -0.4332488091E+02   -0.2176109339E+00
    0.6408849013E+00   -0.4675104729E+02   -0.1372709337E+01
    0.6597344573E+00   -0.4913021457E+02   -0.2509678817E+01
    0.6785840132E+00   -0.5039483991E+02   -0.3617972947E+01
    0.6974335691E+00   -0.5050953139E+02   -0.4687368218E+01
    0.7162831250E+00   -0.4947194410E+02   -0.5708060899E+01
    0.7351326809E+00   -0.4731269734E+02   -0.6670759322E+01
    0.7539822369E+00   -0.4409432009E+02   -0.7566770706E+01
    0.7728317928E+00   -0.3990926122E+02   -0.8388081688E+01
    0.7916813487E+00   -0.3487702843E+02   -0.9127431789E+01
    0.8105309046E+00   -0.2914054555E+02   -0.9778379140E+01
    0.8293804605E+00   -0.2286184065E+02   -0.1033535784E+02
    0.8482300165E+00   -0.1621719685E+02   -0.1079372646E+02
    0.8670795724E+00   -0.9391912650E+01   -0.1114980720E+02
    0.8859291283E+00   -0.2574829768E+01   -0.1140091544E+02
    0.9047786842E+00    0.4047207897E+01   -0.1154537943E+02
    0.9236282402E+00    0.1029479936E+02   -0.1158254990E+02
    0.9424777961E+00    0.1600117486E+02   -0.1151279971E+02
    0.9613273520E+00    0.2101697519E+02   -0.1133751351E+02
    0.9801769079E+00    0.2521448327E+02   -0.1105906752E+02
    0.9990264638E+00    0.2849118602E+02   -0.1068079990E+02
    0.1017876020E+01    0.3077256605E+02   -0.1020697180E+02
    0.1036725576E+01    0.3201404562E+02   -0.9642719801E+01
    0.1055575132E+01    0.3220203185E+02   -0.8994000049E+01
    0.1074424688E+01    0.3135403877E+02   -0.8267524876E+01
    0.1093274243E+01    0.2951788979E+02   -0.7470692481E+01
    0.1112123799E+01    0.2677003152E+02   -0.6611510458E+01
    0.1130973355E+01    0.2321301600E+02   -0.5698513966E+01
    0.1149822911E+01    0.1897223287E+02   -0.4740679403E+01
    0.1168672467E+01    0.1419199448E+02   -0.3747334454E+01
    0.1187522023E+01    0.9031095708E+01   -0.2728065454E+01
    0.1206371579E+01    0.3657984539E+01   -0.1692622981E+01
    0.1225221135E+01   -0.1754309865E+01   -0.6508266523E+00
    0.1244070691E+01   -0.7033339030E+01    0.3875299501E+00
    0.1262920247E+01   -0.1201233300E+02    0.1412773270E+01
    0.1281769803E+01   -0.1653508346E+02    0.2415441772E+01
    0.1300619359E+01   -0.2046046927E+02    0.3386375043E+01
    0.1319468915E+01   -0.2366649346E+02    0.4316799147E+01
    0.1338318470E+01   -0.2605371637E+02    0.5198407428E+01
    0.1357168026E+01   -0.2754798916E+02    0.6023435991E+01
    0.1376017582E+01   -0.2810241291E+02    0.6784733179E+01
    0.1394867138E+01   -0.2769847315E+02    0.7475822407E+01
    0.1413716694E+01   -0.2634632412E+02    0.8090957795E+01
    0.1432566250E+01   -0.2408422279E+02    0.8625172124E+01
    0.1451415806E+01   -0.2097713826E+02    0.9074316718E+01
    0.1470265362E+01   -0.1711458595E+02    0.9435092930E+01
    0.1489114918E+01   -0.1260775913E+02    0.9705075017E+01
    0.1507964474E+01   -0.7586049971E+01    0.9882724255E+01
    0.1526814030E+01   -0.2193069870E+01    0.9967394259E+01
    0.1545663586E+01    0.3417707645E+01    0.9959327529E+01
    0.1564513141E+01    0.9087548209E+01    0.9859643376E+01
    0.1583362697E+01    0.1465716308E+02    0.9670317418E+01
    0.1602212253E+01    0.1997138014E+02    0.9394152946E+01
    0.1621061809E+01    0.2488364157E+02    0.9034744548E+01
    0.1639911365E+01    0.2926019683E+02    0.8596434418E+01
    0.1658760921E+01    0.3298387050E+02    0.8084261877E+01
    0.1677610477E+01    0.3595729829E+02    0.7503906680E+01
    0.1696460033E+01    0.3810554178E+02    0.6861626742E+01
    0.1715309589E+01    0.3937801206E+02    0.6164190966E+01
    0.1734159145E+01    0.3974965364E+02    0.5418807890E+01
    0.1753008701E+01    0.3922136287E+02    0.4633050922E+01
    0.1771858257E+01    0.3781963790E+02    0.3814780926E+01
    0.1790707813E+01    0.3559548045E+02    0.2972066973E+01
    0.1809557368E+01    0.3262259135E+02    0.2113106052E+01
    0.1828406924E+01    0.2899492239E+02    0.1246142563E+01
    0.1847256480E+01    0.2482366546E+02    0.3793883682E+00
    0.1866106036E+01    0.2023377538E+02   -0.4790557900E+00
    0.1884955592E+01    0.1536013564E+02   -0.1321276762E+01
    0.1903805148E+01    0.1034348535E+02   -0.2139622621E+01
    0.1922654704E+01    0.5326231005E+01   -0.2926772752E+01
    0.1941504260E+01    0.4482687479E+00   -0.3675803772E+01
    0.1960353816E+01   -0.4157059511E+01   -0.4380250664E+01
    0.1979203372E+01   -0.8366758426E+01   -0.5034162598E+01
    0.1998052928E+01   -0.1207161135E+02   -0.5632152963E+01
    0.2016902484E+01   -0.1517915600E+02   -0.6169443181E+01
    0.2035752040E+01   -0.1761612223E+02   -0.6641899975E+01
    0.2054601595E+01   -0.1933026781E+02   -0.7046065797E+01
    0.2073451151E+01   -0.2029156678E+02   -0.7379182229E+01
    0.2092300707E+01   -0.2049272508E+02   -0.7639206217E+01
    0.2111150263E+01   -0.1994901825E+02   -0.7824819080E+01
    0.2129999819E+01   -0.1869746656E+02   -0.7935428324E+01
    0.2148849375E+01   -0.1679538215E+02   -0.7971162334E+01
    0.2167698931E+01   -0.1431834087E+02   -0.7932858113E+01
    0.2186548487E+01   -0.1135764821E+02   -0.7822042291E+01
    0.2205398043E+01   -0.8017381924E+01   -0.7640905699E+01
    0.2224247599E+01   -0.4411106036E+01   -0.7392271845E+01
    0.2243097155E+01   -0.6583585674E+00   -0.7079559720E+01
    0.2261946711E+01    0.3118979278E+01   -0.6706741367E+01
    0.2280796267E+01    0.6800323053E+01   -0.6278294738E+01
    0.2299645822E+01    0.1026992623E+02   -0.5799152360E+01
    0.2318495378E+01    0.1342021940E+02   -0.5274646400E+01
    0.2337344934E+01    0.1615485199E+02   -0.4710450725E+01
    0.2356194490E+01    0.1839135148E+02   -0.4112520577E+01
    0.2375044046E+01    0.2006332795E+02   -0.3487030511E+01
    0.2393893602E+01    0.2112216636E+02   -0.2840311213E+01
    0.2412743158E+01    0.2153816531E+02   -0.2178785882E+01
    0.2431592714E+01    0.2130109827E+02   -0.1508906769E+01
    0.2450442270E+01    0.2042019057E+02   -0.8370925345E+00
    0.2469291826E+01    0.1892352322E+02   -0.1696670090E+00
    0.2488141382E+01    0.1685689137E+02    0.4872000524E+00
    0.2506990938E+01    0.1428216080E+02    0.1127549672E+01
    0.2525840493E+01    0.1127518006E+02    0.1745687289E+01
    0.2544690049E+01    0.7923318301E+01    0.2336232866E+01
    0.2563539605E+01    0.4322708042E+01    0.2894167017E+01
    0.2582389161E+01    0.5752802189E+00    0.3414872787E+01
    0.2601238717E+01   -0.3214317243E+01    0.3894172730E+01
    0.2620088273E+01   -0.6941823925E+01    0.4328361025E+01
    0.2638937829E+01   -0.1050640231E+02    0.4714230377E+01
    0.2657787385E+01   -0.1381351565E+02    0.5049093560E+01
    0.2676636941E+01   -0.1677756626E+02    0.5330799468E+01
    0.2695486497E+01   -0.1932422082E+02    0.5557743620E+01
    0.2714336053E+01   -0.2139236012E+02    0.5728873135E+01
    0.2733185609E+01   -0.2293560287E+02    0.5843686214E+01
    0.2752035165E+01   -0.2392336692E+02    0.5902226244E+01
    0.2770884720E+01   -0.2434144576E+02    0.5905070696E+01
    0.2789734276E+01   -0.2419209288E+02    0.5853315013E+01
    0.2808583832E+01   -0.2349362138E+02    0.5748551754E+01
    0.2827433388E+01   -0.2227954049E+02    0.5592845297E+01
    0.2846282944E+01   -0.2059726390E+02    0.5388702423E+01
    0.2865132500E+01   -0.1850643694E+02    0.5139039176E+01
    0.2883982056E+01   -0.1607693978E+02    0.4847144389E+01
    0.2902831612E+01   -0.1338663243E+02    0.4516640303E+01
    0.2921681168E+01   -0.1051891362E+02    0.4151440735E+01
    0.2940530724E+01   -0.7560169431E+01    0.3755707261E+01
    0.2959380280E+01   -0.4597189567E+01    0.3333803879E+01
    0.2978229836E+01   -0.1714628118E+01    0.2890250638E+01
    0.2997079392E+01    0.1007417072E+01    0.2429676726E+01
    0.3015928947E+01    0.3495637529E+01    0.1956773468E+01
    0.3034778503E+01    0.5685497921E+01    0.1476247728E+01
    0.3053628059E+01    0.7522917356E+01    0.9927761493E+00
    0.3072477615E+01    0.8965605261E+01    0.5109606794E+00
    0.3091327171E+01    0.9984020071E+01    0.3528579139E-01
    0.3110176727E+01    0.1056193089E+02   -0.4299222150E+00
    0.3129026283E+01    0.1069657452E+02   -0.8805334699E+00
    0.3147875839E+01    0.1039841230E+02   -0.1312650023E+01
    0.3166725395E+01    0.9690503364E+01   -0.1722638277E+01
    0.3185574951E+01    0.8607521304E+01   -0.2107158102E+01
    0.3204424507E+01    0.7194451877E+01   -0.2463188437E+01
    0.3223274063E+01    0.5505017479E+01   -0.2788049171E+01
    0.3242123619E+01    0.3599881435E+01   -0.3079419206E+01
    0.3260973174E+01    0.1544690344E+01   -0.3335350576E+01
    0.3279822730E+01   -0.5919837946E+00   -0.3554278604E+01
    0.3298672286E+01   -0.2740738464E+01   -0.3735028055E+01
    0.3317521842E+01   -0.4833409683E+01   -0.3876815343E+01
    0.3336371398E+01   -0.6805054674E+01   -0.3979246848E+01
    0.3355220954E+01   -0.8595791599E+01   -0.4042313448E+01
    0.3374070510E+01   -0.1015244543E+02   -0.4066381423E+01
    0.3392920066E+01   -0.1142995603E+02   -0.4052179892E+01
    0.3411769622E+01   -0.1239251255E+02   -0.4000784995E+01
    0.3430619178E+01   -0.1301438747E+02   -0.3913601066E+01
    0.3449468734E+01   -0.1328045293E+02   -0.3792339030E+01
    0.3468318290E+01   -0.1318637195E+02   -0.3638992335E+01
    0.3487167845E+01   -0.1273846720E+02   -0.3455810700E+01
    0.3506017401E+01   -0.1195327903E+02   -0.3245271995E+01
    0.3524866957E+01   -0.1085683379E+02   -0.3010052582E+01
    0.3543716513E+01   -0.9483651442E+01   -0.2752996451E+01
    0.3562566069E+01   -0.7875528279E+01   -0.2477083477E+01
    0.3581415625E+01   -0.6080136620E+01   -0.2185397154E+01
    0.3600265181E+01   -0.4149487454E+01   -0.1881092114E+01
    0.3619114737E+01   -0.2138305047E+01   -0.1567361788E+01
    0.3637964293E+01   -0.1023637779E+00   -0.1247406504E+01
    0.3656813849E+01    0.1903162681E+01   -0.9244023357E+00
    0.3675663405E+01    0.3825291412E+01   -0.6014709992E+00
    0.3694512961E+01    0.5614714201E+01   -0.2816510578E+00
    0.3713362517E+01    0.7227134370E+01    0.3212930390E-01
    0.3732212072E+01    0.8624420985E+01    0.3370777095E+00
    0.3751061628E+01    0.9775551252E+01    0.6305610191E+00
    0.3769911184E+01    0.1065731901E+02    0.9101265735E+00
    0.3788760740E+01    0.1125479478E+02    0.1173521102E+01
    0.3807610296E+01    0.1156153051E+02    0.1418707170E+01
    0.3826459852E+01    0.1157951013E+02    0.1643877061E+01
    0.3845309408E+01    0.1131885416E+02    0.1847464031E+01
    0.3864158964E+01    0.1079729416E+02    0.2028150896E+01
    0.3883008520E+01    0.1003943882E+02    0.2184875925E+01
    0.3901858076E+01    0.9075859145E+01    0.2316836069E+01
    0.3920707632E+01    0.7942025014E+01    0.2423487565E+01
    0.3939557188E+01    0.6677128529E+01    0.2504543960E+01
    0.3958406744E+01    0.5322832206E+01    0.2559971684E+01
    0.3977256299E+01    0.3921981082E+01    0.2589983241E+01
    0.3996105855E+01    0.2517317780E+01    0.2595028189E+01
    0.4014955411E+01    0.1150238388E+01    0.2575782036E+01
    0.4033804967E+01   -0.1403753365E+00    0.2533133231E+01
    0.4052654523E+01   -0.1319215171E+01    0.2468168435E+01
    0.4071504079E+01   -0.2355468984E+01    0.2382156262E+01
    0.4090353635E+01   -0.3223583435E+01    0.2276529698E+01
    0.4109203191E+01   -0.3903849043E+01    0.2152867412E+01
    0.4128052747E+01   -0.4382795651E+01    0.2012874178E+01
    0.4146902303E+01   -0.4653392277E+01    0.1858360621E+01
    0.4165751859E+01   -0.4715051349E+01    0.1691222520E+01
    0.4184601415E+01   -0.4573443112E+01    0.1513419881E+01
    0.4203450971E+01   -0.4240131443E+01    0.1326955990E+01
    0.4222300526E+01   -0.3732047293E+01    0.1133856671E+01
    0.4241150082E+01   -0.3070820286E+01    0.9361499280E+00
    0.4259999638E+01   -0.2281992576E+01    0.7358461876E+00
    0.4278849194E+01   -0.1394141849E+01    0.5349192971E+00
    0.4297698750E+01   -0.4379421945E+00    0.3352884625E+00
    0.4316548306E+01    0.5548074659E+00    0.1388012700E+00
    0.4335397862E+01    0.1552157642E+01   -0.5278206967E-01
    0.4354247418E+01    0.2522956365E+01   -0.2378031357E+00
    0.4373096974E+01    0.3437743888E+01   -0.4147182651E+00
    0.4391946530E+01    0.4269569241E+01   -0.5821099912E+00
    0.4410796086E+01    0.4994706968E+01   -0.7386968836E+00
    0.4429645642E+01    0.5593256047E+01   -0.8833417428E+00
    0.4448495197E+01    0.6049607029E+01   -0.1015058116E+01
    0.4467344753E+01    0.6352767832E+01   -0.1133015124E+01
    0.4486194309E+01    0.6496543088E+01   -0.1236540603E+01
    0.4505043865E+01    0.6479566480E+01   -0.1325122578E+01
    0.4523893421E+01    0.6305189861E+01   -0.1398409117E+01
    0.4542742977E+01    0.5981237111E+01   -0.1456206605E+01
    0.4561592533E+01    0.5519634399E+01   -0.1498476518E+01
    0.4580442089E+01    0.4935931835E+01   -0.1525330762E+01
    0.4599291645E+01    0.4248734214E+01   -0.1537025691E+01
    0.4618141201E+01    0.3479060671E+01   -0.1533954881E+01
    0.4636990757E+01    0.2649654517E+01   -0.1516640795E+01
    0.4655840313E+01    0.1784265287E+01   -0.1485725441E+01
    0.4674689869E+01    0.9069251528E+00   -0.1441960164E+01
    0.4693539424E+01    0.4124122558E-01   -0.1386194687E+01
    0.4712388980E+01   -0.7902758720E+00   -0.1319365550E+01
    0.4731238536E+01   -0.1566828584E+01   -0.1242484075E+01
    0.4750088092E+01   -0.2269877813E+01   -0.1156623985E+01
    0.4768937648E+01   -0.2883603453E+01   -0.1062908835E+01
    0.4787787204E+01   -0.3395269400E+01   -0.9624993640E+00
    0.4806636760E+01   -0.3795485535E+01   -0.8565809074E+00
    0.4825486316E+01   -0.4078362545E+01   -0.7463509958E+00
    0.4844335872E+01   -0.4241558705E+01   -0.6330072528E+00
    0.4863185428E+01   -0.4286221047E+01   -0.5177357056E+00
    0.4882034984E+01   -0.4216826330E+01   -0.4016996111E+00
    0.4900884540E+01   -0.4040930047E+01   -0.2860288916E+00
    0.4919734096E+01   -0.3768834129E+01   -0.1718102648E+00
    0.4938583651E+01   -0.3413186034E+01   -0.6007814346E-01
    0.4957433207E+01   -0.2988523515E+01    0.4819363050E-01
    0.4976282763E+01   -0.2510780434E+01    0.1520991644E+00
    0.4995132319E+01   -0.1996769625E+01    0.2508069615E+00
    0.5013981875E+01   -0.1463658890E+01    0.3435654052E+00
    0.5032831431E+01   -0.9284558520E+00    0.4297072578E+00
    0.5051680987E+01   -0.4075165552E+00    0.5086531653E+00
    0.5070530543E+01    0.8390855673E-01    0.5799141666E+00
    0.5089380099E+01    0.5320792394E+00    0.6430932183E+00
    0.5108229655E+01    0.9251105006E+00    0.6978857544E+00
    0.5127079211E+01    0.1253250118E+01    0.7440793091E+00
    0.5145928767E+01    0.1509082931E+01    0.7815522415E+00
    0.5164778323E+01    0.1687658602E+01    0.8102716059E+00
    0.5183627878E+01    0.1786541931E+01    0.8302902213E+00
    0.5202477434E+01    0.1805787155E+01    0.8417429966E+00
    0.5221326990E+01    0.1747839839E+01    0.8448425773E+00
    0.5240176546E+01    0.1617372012E+01    0.8398743818E+00
    0.5259026102E+01    0.1421057944E+01    0.8271910983E+00
    0.5277875658E+01    0.1167299459E+01    0.8072067188E+00
    0.5296725214E+01    0.8659108228E+00    0.7803901869E+00
    0.5315574770E+01    0.5277740896E+00    0.7472587365E+00
    0.5334424326E+01    0.1644762159E+00    0.7083710015E+00
    0.5353273882E+01   -0.2120606059E+00    0.6643199729E+00
    0.5372123438E+01   -0.5899442070E+00    0.6157258805E+00
    0.5390972994E+01   -0.9576626560E+00    0.5632290735E+00
    0.5409822549E+01   -0.1304409653E+01    0.5074829712E+00
    0.5428672105E+01   -0.1620376442E+01    0.4491471529E+00
    0.5447521661E+01   -0.1897002923E+01    0.3888806506E+00
    0.5466371217E+01   -0.2127182120E+01    0.3273355041E+00
    0.5485220773E+01   -0.2305413803E+01    0.2651506341E+00
    0.5504070329E+01   -0.2427904722E+01    0.2029460816E+00
    0.5522919885E+01   -0.2492614587E+01    0.1413176597E+00
    0.5541769441E+01   -0.2499248605E+01    0.8083205217E-01
    0.5560618997E+01   -0.2449198907E+01    0.2202239480E-01
    0.5579468553E+01   -0.2345438635E+01   -0.3461563769E-01
    0.5598318109E+01   -0.2192373729E+01   -0.8862721787E-01
    0.5617167665E+01   -0.1995658476E+01   -0.1396012122E+00
    0.5636017221E+01   -0.1761981750E+01   -0.1871724799E+00
    0.5654866776E+01   -0.1498831429E+01   -0.2310236234E+00
    0.5673716332E+01   -0.1214244855E+01   -0.2708861929E+00
    0.5692565888E+01   -0.9165532606E+00   -0.3065413564E+00
    0.5711415444E+01   -0.6141279721E+00   -0.3378200480E+00
    0.5730265000E+01   -0.3151358122E+00   -0.3646026148E+00
    0.5749114556E+01   -0.2731054610E-01   -0.3868179858E+00
    0.5767964112E+01    0.2422535352E+00   -0.4044423900E+00
    0.5786813668E+01    0.4872807166E+00   -0.4174976556E+00
    0.5805663224E+01    0.7024614896E+00   -0.4260491232E+00
    0.5824512780E+01    0.8835656658E+00   -0.4302032110E+00
    0.5843362336E+01    0.1027519077E+01   -0.4301046701E+00
    0.5862211892E+01    0.1132443129E+01   -0.4259335697E+00
    0.5881061448E+01    0.1197657602E+01   -0.4179020552E+00
    0.5899911003E+01    0.1223648183E+01   -0.4062509195E+00
    0.5918760559E+01    0.1212001172E+01   -0.3912460313E+00
    0.5937610115E+01    0.1165308705E+01   -0.3731746615E+00
    0.5956459671E+01    0.1087048550E+01   -0.3523417497E+00
    0.5975309227E+01    0.9814431104E+00   -0.3290661502E+00
    0.5994158783E+01    0.8533027215E+00   -0.3036768974E+00
    0.6013008339E+01    0.7078585209E+00   -0.2765095263E+00
    0.6031857895E+01    0.5505903065E+00   -0.2479024842E+00
    0.6050707451E+01    0.3870546775E+00   -0.2181936655E+00
    0.6069557007E+01    0.2227185285E+00   -0.1877170989E+00
    0.6088406563E+01    0.6280258508E-01   -0.1567998157E+00
    0.6107256119E+01   -0.8786083690E-01   -0.1257589209E+00
    0.6126105675E+01   -0.2249522669E+00   -0.9489889057E-01
    0.6144955230E+01   -0.3447688206E+00   -0.6450911121E-01
    0.6163804786E+01   -0.4443050954E+00   -0.3486167673E-01
    0.6182654342E+01   -0.5213098448E+00   -0.6209453879E-02
    0.6201503898E+01   -0.5743178370E+00    0.2121557565E-01
    0.6220353454E+01   -0.6026570668E+00    0.4720369184E-01
    0.6239203010E+01   -0.6064322146E+00    0.7156852976E-01
    0.6258052566E+01   -0.5864859129E+00    0.9414789112E-01
    0.6276902122E+01   -0.5443399687E+00    0.1148042780E+00
    0.6295751678E+01   -0.4821191919E+00    0.1334251553E+00
    0.6314601234E+01   -0.4024608739E+00    0.1499229521E+00
    0.6333450790E+01   -0.3084132529E+00    0.1642348117E+00
    0.6352300346E+01   -0.2033264742E+00    0.1763221054E+00
    0.6371149901E+01   -0.9073962144E-01    0.1861697258E+00
    0.6389999457E+01    0.2573265576E-01    0.1937851743E+00
    0.6408849013E+01    0.1425105387E+00    0.1991974638E+00
    0.6427698569E+01    0.2561533277E+00    0.2024558550E+00
    0.6446548125E+01    0.3634548136E+00    0.2036284456E+00
    0.6465397681E+01    0.4615273183E+00    0.2028006355E+00
    0.6484247237E+01    0.5478724411E+00    0.2000734871E+00
    0.6503096793E+01    0.6204370333E+00    0.1955620034E+00
    0.6521946349E+01    0.6776534294E+00    0.1893933447E+00
    0.6540795905E+01    0.7184634814E+00    0.1817050047E+00
    0.6559645461E+01    0.7423264416E+00    0.1726429665E+00
    0.6578495017E+01    0.7492112188E+00    0.1623598588E+00
    0.6597344573E+01    0.7395739747E+00    0.1510131301E+00
    0.6616194128E+01    0.7143224146E+00    0.1387632584E+00
    0.6635043684E+01    0.6747684607E+00    0.1257720152E+00
    0.6653893240E+01    0.6225712599E+00    0.1122007958E+00
    0.6672742796E+01    0.5596726749E+00    0.9820903257E-01
    0.6691592352E+01    0.4882275247E+00    0.8395270156E-01
    0.6710441908E+01    0.4105308935E+00    0.6958293470E-01
    0.6729291464E+01    0.3289447972E+00    0.5524474584E-01
    0.6748141020E+01    0.2458264102E+00    0.4107587875E-01
    0.6766990576E+01    0.1634599008E+00    0.2720578296E-01
    0.6785840132E+01    0.8399371651E-01    0.1375472184E-01
    0.6804689688E+01    0.9384909337E-02    0.8330157917E-03
    0.6823539244E+01   -0.5864819349E-01   -0.1145957811E-01
    0.6842388800E+01   -0.1186639835E+00   -0.2303435030E-01
    0.6861238355E+01   -0.1695255624E+00   -0.3381398813E-01
    0.6880087911E+01   -0.2104183969E+00   -0.4373279347E-01
    0.6898937467E+01   -0.2408576230E+00   -0.5273677265E-01
    0.6917787023E+01   -0.2606852997E+00   -0.6078360380E-01
    0.6936636579E+01   -0.2700581896E+00   -0.6784248799E-01
    0.6955486135E+01   -0.2694269042E+00   -0.7389389124E-01
    0.6974335691E+01   -0.2595074591E+00   -0.7892918534E-01
    0.6993185247E+01   -0.2412464657E+00   -0.8295019603E-01
    0.7012034803E+01   -0.2157813074E+00   -0.8596866777E-01
    0.7030884359E+01   -0.1843967337E+00   -0.8800565453E-01
    0.7049733915E+01   -0.1484793388E+00   -0.8909084657E-01
    0.7068583471E+01   -0.1094713799E+00   -0.8926184314E-01
    0.7087433026E+01   -0.6882533722E-01   -0.8856338127E-01
    0.7106282582E+01   -0.2796052340E-01   -0.8704653071E-01
    0.7125132138E+01    0.1177707654E-01   -0.8476786495E-01
    0.7143981694E+01    0.4915071062E-01   -0.8178861789E-01
    0.7162831250E+01    0.8306366548E-01   -0.7817383568E-01
    0.7181680806E+01    0.1125843221E+00   -0.7399153255E-01
    0.7200530362E+01    0.1369650164E+00   -0.6931185911E-01
    0.7219379918E+01    0.1556544667E+00   -0.6420629101E-01
    0.7238229474E+01    0.1683037340E+00   -0.5874684528E-01
    0.7257079030E+01    0.1747658758E+00   -0.5300533098E-01
    0.7275928586E+01    0.1750896327E+00   -0.4705264009E-01
    0.7294778142E+01    0.1695076485E+00   -0.4095808392E-01
    0.7313627698E+01    0.1584198595E+00   -0.3478877950E-01
    0.7332477253E+01    0.1423728011E+00   -0.2860908973E-01
    0.7351326809E+01    0.1220356616E+00   -0.2248012028E-01
    0.7370176365E+01    0.9817396464E-01   -0.1645927548E-01
    0.7389025921E+01    0.7162178968E-01   -0.1059987479E-01
    0.7407875477E+01    0.4325343109E-01   -0.4950830632E-02
    0.7426725033E+01    0.1395536905E-01    0.4436122609E-03
    0.7445574589E+01   -0.1540063259E-01    0.5544076481E-02
    0.7464424145E+01   -0.4398256200E-01    0.1031619167E-01
    0.7483273701E+01   -0.7102068487E-01    0.1473067601E-01
    0.7502123257E+01   -0.9582702491E-01    0.1876336169E-01
    0.7520972813E+01   -0.1178113842E+00    0.2239516699E-01
    0.7539822369E+01   -0.1364936132E+00    0.2561201807E-01
    0.7558671925E+01   -0.1515119693E+00    0.2840472395E-01
    0.7577521480E+01   -0.1626275244E+00    0.3076880833E-01
    0.7596371036E+01   -0.1697247076E+00    0.3270430241E-01
    0.7615220592E+01   -0.1728081739E+00    0.3421550273E-01
    0.7634070148E+01   -0.1719962927E+00    0.3531069858E-01
    0.7652919704E+01   -0.1675116332E+00    0.3600187316E-01
    0.7671769260E+01   -0.1596688935E+00    0.3630438327E-01
    0.7690618816E+01   -0.1488607709E+00    0.3623662166E-01
    0.7709468372E+01   -0.1355423064E+00    0.3581966674E-01
    0.7728317928E+01   -0.1202142506E+00    0.3507692372E-01
    0.7747167484E+01   -0.1034059998E+00    0.3403376148E-01
    0.7766017040E+01   -0.8565863212E-01    0.3271714913E-01
    0.7784866596E+01   -0.6750853938E-01    0.3115529593E-01
    0.7803716152E+01   -0.4947210998E-01    0.2937729829E-01
    0.7822565707E+01   -0.3203185591E-01    0.2741279690E-01
    0.7841415263E+01   -0.1562431603E-01    0.2529164718E-01
    0.7860264819E+01   -0.6299940610E-03    0.2304360556E-01
    0.7879114375E+01    0.1263448449E-01    0.2069803415E-01
    0.7897963931E+01    0.2392188910E-01    0.1828362561E-01
    0.7916813487E+01    0.3305754276E-01    0.1582815026E-01
    0.7935663043E+01    0.3994016216E-01    0.1335822646E-01
    0.7954512599E+01    0.4454048679E-01    0.1089911576E-01
    0.7973362155E+01    0.4689786353E-01    0.8474543161E-02
    0.7992211711E+01    0.4711500524E-01    0.6106543283E-02
    0.8011061267E+01    0.4535118359E-01    0.3815332416E-02
    0.8029910823E+01    0.4181414822E-01    0.1619206387E-02
    0.8048760378E+01    0.3675108578E-01   -0.4655361336E-03
    0.8067609934E+01    0.3043894260E-01   -0.2424645532E-02
    0.8086459490E+01    0.2317443560E-01   -0.4245949190E-02
    0.8105309046E+01    0.1526406601E-01   -0.5919356543E-02
    0.8124158602E+01    0.7014432808E-02   -0.7436842471E-02
    0.8143008158E+01   -0.1276884070E-02   -0.8792410441E-02
    0.8161857714E+01   -0.9329632796E-02   -0.9982036914E-02
    0.8180707270E+01   -0.1688819149E-01   -0.1100359866E-01
    0.8199556826E+01   -0.2372770483E-01   -0.1185678472E-01
    0.8218406382E+01   -0.2965894153E-01   -0.1254299478E-01
    0.8237255938E+01   -0.3453180376E-01   -0.1306522582E-01
    0.8256105494E+01   -0.3823746377E-01   -0.1342794889E-01
    0.8274955050E+01   -0.4070914553E-01   -0.1363697777E-01
    0.8293804605E+01   -0.4192160868E-01   -0.1369933151E-01
    0.8312654161E+01   -0.4188942735E-01   -0.1362309253E-01
    0.8331503717E+01   -0.4066418694E-01   -0.1341726193E-01
    0.8350353273E+01   -0.3833074717E-01   -0.1309161394E-01
    0.8369202829E+01   -0.3500273849E-01   -0.1265655075E-01
    0.8388052385E+01   -0.3081747198E-01   -0.1212295949E-01
    0.8406901941E+01   -0.2593044988E-01   -0.1150207254E-01
    0.8425751497E+01   -0.2050966413E-01   -0.1080533251E-01
    0.8444601053E+01   -0.1472986574E-01   -0.1004426306E-01
    0.8463450609E+01   -0.8766977641E-02   -0.9230346406E-02
    0.8482300165E+01   -0.2792808762E-02   -0.8374908660E-02
    0.8501149721E+01    0.3029791283E-02   -0.7489013443E-02
    0.8519999277E+01    0.8551219187E-02   -0.6583364620E-02
    0.8538848832E+01    0.1363875278E-01   -0.5668218525E-02
    0.8557698388E+01    0.1817946505E-01   -0.4753306045E-02
    0.8576547944E+01    0.2208237444E-01   -0.3847764814E-02
    0.8595397500E+01    0.2527981405E-01   -0.2960081598E-02
    0.8614247056E+01    0.2772802659E-01   -0.2098044872E-02
    0.8633096612E+01    0.2940701503E-01   -0.1268707493E-02
    0.8651946168E+01    0.3031969892E-01   -0.4783592204E-03
    0.8670795724E+01    0.3049044435E-01    0.2674911904E-03
    0.8689645280E+01    0.2996304991E-01    0.9641247252E-03
    0.8708494836E+01    0.2879828224E-01    0.1607612138E-02
    0.8727344392E+01    0.2707106243E-01    0.2194805795E-02
    0.8746193948E+01    0.2486740870E-01    0.2723323914E-02
    0.8765043504E+01    0.2228124155E-01    0.3191527828E-02
    0.8783893059E+01    0.1941115490E-01    0.3598492942E-02
    0.8802742615E+01    0.1635725160E-01    0.3943974053E-02
    0.8821592171E+01    0.1321813332E-01    0.4228365773E-02
    0.8840441727E+01    0.1008812465E-01    0.4452658734E-02
    0.8859291283E+01    0.7054799347E-02    0.4618392322E-02
    0.8878140839E+01    0.4196863053E-02    0.4727604637E-02
    0.8896990395E+01    0.1582433120E-02    0.4782780372E-02
    0.8915839951E+01   -0.7322587108E-03    0.4786797299E-02
    0.8934689507E+01   -0.2703728987E-02    0.4742871998E-02
    0.8953539063E+01   -0.4301672702E-02    0.4654505455E-02
    0.8972388619E+01   -0.5508975827E-02    0.4525429102E-02
    0.8991238175E+01   -0.6321336647E-02    0.4359551848E-02
    0.9010087730E+01   -0.6746532365E-02    0.4160908585E-02
    0.9028937286E+01   -0.6803375703E-02    0.3933610627E-02
    0.9047786842E+01   -0.6520412638E-02    0.3681798481E-02
    0.9066636398E+01   -0.5934416868E-02    0.3409597297E-02
    0.9085485954E+01   -0.5088739081E-02    0.3121075301E-02
    0.9104335510E+01   -0.4031569725E-02    0.2820205463E-02
    0.9123185066E+01   -0.2814172715E-02    0.2510830589E-02
    0.9142034622E+01   -0.1489144677E-02    0.2196632007E-02
    0.9160884178E+01   -0.1087500093E-03    0.1881101924E-02
    0.9179733734E+01    0.1276623532E-02    0.1567519540E-02
    0.9198583290E+01    0.2619850540E-02    0.1258930910E-02
    0.9217432846E+01    0.3878264031E-02    0.9581325327E-03
    0.9236282402E+01    0.5014638694E-02    0.6676586141E-03
    0.9255131957E+01    0.5997946000E-02    0.3897718825E-03
    0.9273981513E+01    0.6803873748E-02    0.1264578432E-03
    0.9292831069E+01    0.7415110133E-02   -0.1205776979E-03
    0.9311680625E+01    0.7821399530E-02   -0.3499080229E-03
    0.9330530181E+01    0.8019383513E-02   -0.5603820094E-03
    0.9349379737E+01    0.8012246200E-02   -0.7511179804E-03
    0.9368229293E+01    0.7809187614E-02   -0.9214951329E-03
    0.9387078849E+01    0.7424752330E-02   -0.1071142795E-02
    0.9405928405E+01    0.6878043183E-02   -0.1199927765E-02
    0.9424777961E+01    0.6191851308E-02   -0.1307939993E-02
