# Complex Numerical Function
# X
# Tue May 26 13:43:55 2015
   -0.9424777961E+01    0.2081651396E-03    0.3739814323E-18
   -0.9405928405E+01    0.2163995071E-03    0.6765969557E-05
   -0.9387078849E+01    0.2263882916E-03    0.1395766504E-04
   -0.9368229293E+01    0.2382062150E-03    0.2152932573E-04
   -0.9349379737E+01    0.2518651084E-03    0.2942778485E-04
   -0.9330530181E+01    0.2673072559E-03    0.3759251737E-04
   -0.9311680625E+01    0.2844003823E-03    0.4595577206E-04
   -0.9292831069E+01    0.3029345649E-03    0.5444279238E-04
   -0.9273981513E+01    0.3226213095E-03    0.6297213001E-04
   -0.9255131957E+01    0.3430949753E-03    0.7145605403E-04
   -0.9236282402E+01    0.3639166788E-03    0.7980105794E-04
   -0.9217432846E+01    0.3845807310E-03    0.8790846577E-04
   -0.9198583290E+01    0.4045235894E-03    0.9567513744E-04
   -0.9179733734E+01    0.4231352263E-03    0.1029942726E-03
   -0.9160884178E+01    0.4397727264E-03    0.1097563108E-03
   -0.9142034622E+01    0.4537758504E-03    0.1158499245E-03
   -0.9123185066E+01    0.4644842135E-03    0.1211631012E-03
   -0.9104335510E+01    0.4712556559E-03    0.1255843078E-03
   -0.9085485954E+01    0.4734853156E-03    0.1290037306E-03
   -0.9066636398E+01    0.4706248546E-03    0.1313145826E-03
   -0.9047786842E+01    0.4622012495E-03    0.1324144681E-03
   -0.9028937286E+01    0.4478345299E-03    0.1322067928E-03
   -0.9010087730E+01    0.4272538373E-03    0.1306022087E-03
   -0.8991238175E+01    0.4003111907E-03    0.1275200781E-03
   -0.8972388619E+01    0.3669923716E-03    0.1228899437E-03
   -0.8953539063E+01    0.3274243971E-03    0.1166529879E-03
   -0.8934689507E+01    0.2818791170E-03    0.1087634650E-03
   -0.8915839951E+01    0.2307725666E-03    0.9919008835E-04
   -0.8896990395E+01    0.1746598138E-03    0.8791735482E-04
   -0.8878140839E+01    0.1142251662E-03    0.7494678695E-04
   -0.8859291283E+01    0.5026774138E-04    0.6029807430E-04
   -0.8840441727E+01   -0.1631744686E-04    0.4401009427E-04
   -0.8821592171E+01   -0.8456258344E-04    0.2614179340E-04
   -0.8802742615E+01   -0.1534538685E-03    0.6772909940E-05
   -0.8783893059E+01   -0.2219614478E-03   -0.1399548069E-04
   -0.8765043504E+01   -0.2890717091E-03   -0.3604061529E-04
   -0.8746193948E+01   -0.3538210694E-03   -0.5921790401E-04
   -0.8727344392E+01   -0.4153302728E-03   -0.8336101859E-04
   -0.8708494836E+01   -0.4728381346E-03   -0.1082822220E-03
   -0.8689645280E+01   -0.5257336144E-03   -0.1337729513E-03
   -0.8670795724E+01   -0.5735850776E-03   -0.1596046650E-03
   -0.8651946168E+01   -0.6161656168E-03   -0.1855299614E-03
   -0.8633096612E+01   -0.6534733560E-03   -0.2112839753E-03
   -0.8614247056E+01   -0.6857457449E-03   -0.2365860545E-03
   -0.8595397500E+01   -0.7134669752E-03   -0.2611417168E-03
   -0.8576547944E+01   -0.7373678131E-03   -0.2846448845E-03
   -0.8557698388E+01   -0.7584173316E-03   -0.3067803893E-03
   -0.8538848832E+01   -0.7778062524E-03   -0.3272267384E-03
   -0.8519999277E+01   -0.7969218511E-03   -0.3456591289E-03
   -0.8501149721E+01   -0.8173146437E-03   -0.3617526921E-03
   -0.8482300165E+01   -0.8406573489E-03   -0.3751859497E-03
   -0.8463450609E+01   -0.8686968949E-03   -0.3856444550E-03
   -0.8444601053E+01   -0.9032005124E-03   -0.3928245937E-03
   -0.8425751497E+01   -0.9458972103E-03   -0.3964375121E-03
   -0.8406901941E+01   -0.9984161614E-03   -0.3962131379E-03
   -0.8388052385E+01   -0.1062223723E-02   -0.3919042566E-03
   -0.8369202829E+01   -0.1138560975E-02   -0.3832906027E-03
   -0.8350353273E+01   -0.1228383762E-02   -0.3701829208E-03
   -0.8331503717E+01   -0.1332307278E-02   -0.3524269530E-03
   -0.8312654161E+01   -0.1450557222E-02   -0.3299073029E-03
   -0.8293804605E+01   -0.1582929481E-02   -0.3025511273E-03
   -0.8274955050E+01   -0.1728760139E-02   -0.2703316048E-03
   -0.8256105494E+01   -0.1886907429E-02   -0.2332711296E-03
   -0.8237255938E+01   -0.2055746948E-02   -0.1914441788E-03
   -0.8218406382E+01   -0.2233181137E-02   -0.1449798026E-03
   -0.8199556826E+01   -0.2416663642E-02   -0.9406368500E-04
   -0.8180707270E+01   -0.2603238742E-02   -0.3893972952E-04
   -0.8161857714E+01   -0.2789595574E-02    0.2008888032E-04
   -0.8143008158E+01   -0.2972136391E-02    0.8265918677E-04
   -0.8124158602E+01   -0.3147057633E-02    0.1483485714E-03
   -0.8105309046E+01   -0.3310442072E-02    0.2166755121E-03
   -0.8086459490E+01   -0.3458359872E-02    0.2871010147E-03
   -0.8067609934E+01   -0.3586975974E-02    0.3590307455E-03
   -0.8048760378E+01   -0.3692660868E-02    0.4318178835E-03
   -0.8029910823E+01   -0.3772101517E-02    0.5047667063E-03
   -0.8011061267E+01   -0.3822409012E-02    0.5771369146E-03
   -0.7992211711E+01   -0.3841219409E-02    0.6481486948E-03
   -0.7973362155E+01   -0.3826784223E-02    0.7169885084E-03
   -0.7954512599E+01   -0.3778047148E-02    0.7828155899E-03
   -0.7935663043E+01   -0.3694703786E-02    0.8447691273E-03
   -0.7916813487E+01   -0.3577241551E-02    0.9019760870E-03
   -0.7897963931E+01   -0.3426957311E-02    0.9535596390E-03
   -0.7879114375E+01   -0.3245950928E-02    0.9986481272E-03
   -0.7860264819E+01   -0.3037093473E-02    0.1036384521E-02
   -0.7841415263E+01   -0.2803969647E-02    0.1065936275E-02
   -0.7822565707E+01   -0.2550794688E-02    0.1086505516E-02
   -0.7803716152E+01   -0.2282306891E-02    0.1097339471E-02
   -0.7784866596E+01   -0.2003637691E-02    0.1097741023E-02
   -0.7766017040E+01   -0.1720162087E-02    0.1087079320E-02
   -0.7747167484E+01   -0.1437332962E-02    0.1064800286E-02
   -0.7728317928E+01   -0.1160503586E-02    0.1030436958E-02
   -0.7709468372E+01   -0.8947432068E-03    0.9836194939E-03
   -0.7690618816E+01   -0.6446511458E-03    0.9240847438E-03
   -0.7671769260E+01   -0.4141751874E-03    0.8516852550E-03
   -0.7652919704E+01   -0.2064402634E-03    0.7663975760E-03
   -0.7634070148E+01   -0.2359346041E-04    0.6683297355E-03
   -0.7615220592E+01    0.1333287730E-03    0.5577277671E-03
   -0.7596371036E+01    0.2645056902E-03    0.4349811555E-03
   -0.7577521480E+01    0.3714045969E-03    0.3006270848E-03
   -0.7558671925E+01    0.4568162357E-03    0.1553533749E-03
   -0.7539822369E+01    0.5248498579E-03   -0.2496001360E-17
   -0.7520972813E+01    0.5808857041E-03   -0.1644409077E-03
   -0.7502123257E+01    0.6314838141E-03   -0.3368266541E-03
   -0.7483273701E+01    0.6842493895E-03   -0.5158672544E-03
   -0.7464424145E+01    0.7476563034E-03   -0.7001304369E-03
   -0.7445574589E+01    0.8308317544E-03   -0.8880484253E-03
   -0.7426725033E+01    0.9433064472E-03   -0.1077926526E-02
   -0.7407875477E+01    0.1094736012E-02   -0.1267953534E-02
   -0.7389025921E+01    0.1294600602E-02   -0.1456213936E-02
   -0.7370176365E+01    0.1551890691E-02   -0.1640701907E-02
   -0.7351326809E+01    0.1874787969E-02   -0.1819337015E-02
   -0.7332477253E+01    0.2270350915E-02   -0.1989981598E-02
   -0.7313627698E+01    0.2744215011E-02   -0.2150459699E-02
   -0.7294778142E+01    0.3300317667E-02   -0.2298577448E-02
   -0.7275928586E+01    0.3940657745E-02   -0.2432144762E-02
   -0.7257079030E+01    0.4665099026E-02   -0.2548998197E-02
   -0.7238229474E+01    0.5471226153E-02   -0.2647024783E-02
   -0.7219379918E+01    0.6354260386E-02   -0.2724186624E-02
   -0.7200530362E+01    0.7307041114E-02   -0.2778546077E-02
   -0.7181680806E+01    0.8320077287E-02   -0.2808291236E-02
   -0.7162831250E+01    0.9381671062E-02   -0.2811761504E-02
   -0.7143981694E+01    0.1047811379E-01   -0.2787472963E-02
   -0.7125132138E+01    0.1159395224E-01   -0.2734143274E-02
   -0.7106282582E+01    0.1271232072E-01   -0.2650715822E-02
   -0.7087433026E+01    0.1381533238E-01   -0.2536382798E-02
   -0.7068583471E+01    0.1488452085E-01   -0.2390606932E-02
   -0.7049733915E+01    0.1590132135E-01   -0.2213141570E-02
   -0.7030884359E+01    0.1684757849E-01   -0.2004048793E-02
   -0.7012034803E+01    0.1770606662E-01   -0.1763715292E-02
   -0.6993185247E+01    0.1846100736E-01   -0.1492865700E-02
   -0.6974335691E+01    0.1909856813E-01   -0.1192573122E-02
   -0.6955486135E+01    0.1960732546E-01   -0.8642665936E-03
   -0.6936636579E+01    0.1997867690E-01   -0.5097352402E-03
   -0.6917787023E+01    0.2020718613E-01   -0.1311289052E-03
   -0.6898937467E+01    0.2029084725E-01    0.2690449268E-03
   -0.6880087911E+01    0.2023125588E-01    0.6879280818E-03
   -0.6861238355E+01    0.2003367700E-01    0.1122322647E-02
   -0.6842388800E+01    0.1970700218E-01    0.1568706011E-02
   -0.6823539244E+01    0.1926359185E-01    0.2023250053E-02
   -0.6804689688E+01    0.1871900168E-01    0.2481844478E-02
   -0.6785840132E+01    0.1809159560E-01    0.2940124284E-02
   -0.6766990576E+01    0.1740205184E-01    0.3393501269E-02
   -0.6748141020E+01    0.1667277175E-01    0.3837199459E-02
   -0.6729291464E+01    0.1592720499E-01    0.4266294292E-02
   -0.6710441908E+01    0.1518910778E-01    0.4675755321E-02
   -0.6691592352E+01    0.1448175395E-01    0.5060492186E-02
   -0.6672742796E+01    0.1382712099E-01    0.5415403519E-02
   -0.6653893240E+01    0.1324507520E-01    0.5735428442E-02
   -0.6635043684E+01    0.1275258138E-01    0.6015600220E-02
   -0.6616194128E+01    0.1236296298E-01    0.6251101643E-02
   -0.6597344573E+01    0.1208523842E-01    0.6437321629E-02
   -0.6578495017E+01    0.1192355825E-01    0.6569912520E-02
   -0.6559645461E+01    0.1187676590E-01    0.6644847511E-02
   -0.6540795905E+01    0.1193810222E-01    0.6658477620E-02
   -0.6521946349E+01    0.1209507043E-01    0.6607587575E-02
   -0.6503096793E+01    0.1232947408E-01    0.6489449987E-02
   -0.6484247237E+01    0.1261763584E-01    0.6301877172E-02
   -0.6465397681E+01    0.1293079979E-01    0.6043269941E-02
   -0.6446548125E+01    0.1323571424E-01    0.5712662730E-02
   -0.6427698569E+01    0.1349538656E-01    0.5309764408E-02
   -0.6408849013E+01    0.1366999558E-01    0.4834994135E-02
   -0.6389999457E+01    0.1371794151E-01    0.4289511655E-02
   -0.6371149901E+01    0.1359700843E-01    0.3675241445E-02
   -0.6352300346E+01    0.1326560919E-01    0.2994890180E-02
   -0.6333450790E+01    0.1268407895E-01    0.2251957000E-02
   -0.6314601234E+01    0.1181598022E-01    0.1450736145E-02
   -0.6295751678E+01    0.1062938017E-01    0.5963115580E-03
   -0.6276902122E+01    0.9098059980E-02   -0.3054568588E-03
   -0.6258052566E+01    0.7202615900E-02   -0.1247955592E-02
   -0.6239203010E+01    0.4931413495E-02   -0.2223848641E-02
   -0.6220353454E+01    0.2281358817E-02   -0.3225117499E-02
   -0.6201503898E+01   -0.7415455978E-03   -0.4243110002E-02
   -0.6182654342E+01   -0.4121887037E-02   -0.5268597940E-02
   -0.6163804786E+01   -0.7834792118E-02   -0.6291843255E-02
   -0.6144955230E+01   -0.1184615334E-01   -0.7302672516E-02
   -0.6126105675E+01   -0.1611313858E-01   -0.8290559308E-02
   -0.6107256119E+01   -0.2058498118E-01   -0.9244714026E-02
   -0.6088406563E+01   -0.2520403918E-01   -0.1015418049E-01
   -0.6069557007E+01   -0.2990710402E-01   -0.1100793872E-01
   -0.6050707451E+01   -0.3462692974E-01   -0.1179501302E-01
   -0.6031857895E+01   -0.3929394637E-01   -0.1250458456E-01
   -0.6013008339E+01   -0.4383811315E-01   -0.1312610754E-01
   -0.5994158783E+01   -0.4819086144E-01   -0.1364942771E-01
   -0.5975309227E+01   -0.5228707190E-01   -0.1406490238E-01
   -0.5956459671E+01   -0.5606702702E-01   -0.1436352053E-01
   -0.5937610115E+01   -0.5947827803E-01   -0.1453702197E-01
   -0.5918760559E+01   -0.6247736551E-01   -0.1457801408E-01
   -0.5899911003E+01   -0.6503133429E-01   -0.1448008503E-01
   -0.5881061448E+01   -0.6711898738E-01   -0.1423791202E-01
   -0.5862211892E+01   -0.6873182884E-01   -0.1384736321E-01
   -0.5843362336E+01   -0.6987465327E-01   -0.1330559208E-01
   -0.5824512780E+01   -0.7056574822E-01   -0.1261112292E-01
   -0.5805663224E+01   -0.7083668649E-01   -0.1176392603E-01
   -0.5786813668E+01   -0.7073169700E-01   -0.1076548169E-01
   -0.5767964112E+01   -0.7030661505E-01   -0.9618831435E-02
   -0.5749114556E+01   -0.6962742617E-01   -0.8328615815E-02
   -0.5730265000E+01   -0.6876843076E-01   -0.6901097532E-02
   -0.5711415444E+01   -0.6781006958E-01   -0.5344169134E-02
   -0.5692565888E+01   -0.6683646242E-01   -0.3667344521E-02
   -0.5673716332E+01   -0.6593272345E-01   -0.1881733649E-02
   -0.5654866776E+01   -0.6518212625E-01    0.2251424527E-16
   -0.5636017221E+01   -0.6466319964E-01    0.1963699505E-02
   -0.5617167665E+01   -0.6444684077E-01    0.3993792251E-02
   -0.5598318109E+01   -0.6459353537E-01    0.6073385291E-02
   -0.5579468553E+01   -0.6515077561E-01    0.8184378084E-02
   -0.5560618997E+01   -0.6615076393E-01    0.1030759218E-01
   -0.5541769441E+01   -0.6760848594E-01    0.1242291723E-01
   -0.5522919885E+01   -0.6952022834E-01    0.1450947251E-01
   -0.5504070329E+01   -0.7186260656E-01    0.1654578292E-01
   -0.5485220773E+01   -0.7459215478E-01    0.1850996832E-01
   -0.5466371217E+01   -0.7764551544E-01    0.2037994470E-01
   -0.5447521661E+01   -0.8094024874E-01    0.2213363581E-01
   -0.5428672105E+01   -0.8437626448E-01    0.2374919321E-01
   -0.5409822549E+01   -0.8783785970E-01    0.2520522319E-01
   -0.5390972994E+01   -0.9119632622E-01    0.2648101822E-01
   -0.5372123438E+01   -0.9431307333E-01    0.2755679092E-01
   -0.5353273882E+01   -0.9704319281E-01    0.2841390824E-01
   -0.5334424326E+01   -0.9923937699E-01    0.2903512338E-01
   -0.5315574770E+01   -0.1007560860E+00    0.2940480314E-01
   -0.5296725214E+01   -0.1014538488E+00    0.2950914803E-01
   -0.5277875658E+01   -0.1012035727E+00    0.2933640283E-01
   -0.5259026102E+01   -0.9989073310E-01    0.2887705479E-01
   -0.5240176546E+01   -0.9741931047E-01    0.2812401723E-01
   -0.5221326990E+01   -0.9371534678E-01    0.2707279598E-01
   -0.5202477434E+01   -0.8872999837E-01    0.2572163627E-01
   -0.5183627878E+01   -0.8244197356E-01    0.2407164784E-01
   -0.5164778323E+01   -0.7485925714E-01    0.2212690625E-01
   -0.5145928767E+01   -0.6602004218E-01    0.1989452823E-01
   -0.5127079211E+01   -0.5599281032E-01    0.1738471949E-01
   -0.5108229655E+01   -0.4487552559E-01    0.1461079342E-01
   -0.5089380099E+01   -0.3279393238E-01    0.1158915925E-01
   -0.5070530543E+01   -0.1989897504E-01    0.8339278805E-02
   -0.5051680987E+01   -0.6363384394E-02    0.4883590945E-02
   -0.5032831431E+01    0.7622497022E-02    0.1247403359E-02
   -0.5013981875E+01    0.2185555255E-01   -0.2541248496E-02
   -0.4995132319E+01    0.3612526999E-01   -0.6451775081E-02
   -0.4976282763E+01    0.5021951796E-01   -0.1045123855E-01
   -0.4957433207E+01    0.6393055930E-01   -0.1450458970E-01
   -0.4938583651E+01    0.7706112774E-01   -0.1857493494E-01
   -0.4919734096E+01    0.8943038533E-01   -0.2262383152E-01
   -0.4900884540E+01    0.1008795754E+00   -0.2661160919E-01
   -0.4882034984E+01    0.1112771876E+00   -0.3049771608E-01
   -0.4863185428E+01    0.1205234610E+00   -0.3424108589E-01
   -0.4844335872E+01    0.1285540625E+00   -0.3780052381E-01
   -0.4825486316E+01    0.1353428012E+00   -0.4113510764E-01
   -0.4806636760E+01    0.1409032582E+00   -0.4420460083E-01
   -0.4787787204E+01    0.1452892460E+00   -0.4696987355E-01
   -0.4768937648E+01    0.1485940389E+00   -0.4939332781E-01
   -0.4750088092E+01    0.1509483555E+00   -0.5143932268E-01
   -0.4731238536E+01    0.1525171094E+00   -0.5307459501E-01
   -0.4712388980E+01    0.1534949825E+00   -0.5426867149E-01
   -0.4693539424E+01    0.1541009149E+00   -0.5499426752E-01
   -0.4674689869E+01    0.1545716404E+00   -0.5522766826E-01
   -0.4655840313E+01    0.1551544304E+00   -0.5494908768E-01
   -0.4636990757E+01    0.1560992404E+00   -0.5414300090E-01
   -0.4618141201E+01    0.1576504767E+00   -0.5279844577E-01
   -0.4599291645E+01    0.1600386218E+00   -0.5090928953E-01
   -0.4580442089E+01    0.1634719683E+00   -0.4847445658E-01
   -0.4561592533E+01    0.1681287190E+00   -0.4549811387E-01
   -0.4542742977E+01    0.1741497056E+00   -0.4198981046E-01
   -0.4523893421E+01    0.1816319717E+00   -0.3796456842E-01
   -0.4505043865E+01    0.1906234457E+00   -0.3344292240E-01
   -0.4486194309E+01    0.2011189060E+00   -0.2845090580E-01
   -0.4467344753E+01    0.2130574056E+00   -0.2301998189E-01
   -0.4448495197E+01    0.2263212894E+00   -0.1718691871E-01
   -0.4429645642E+01    0.2407368882E+00   -0.1099360716E-01
   -0.4410796086E+01    0.2560769297E+00   -0.4486822232E-02
   -0.4391946530E+01    0.2720646535E+00    0.2282072149E-02
   -0.4373096974E+01    0.2883795666E+00    0.9257473432E-02
   -0.4354247418E+01    0.3046647226E+00    0.1637994433E-01
   -0.4335397862E+01    0.3205353585E+00    0.2358666785E-01
   -0.4316548306E+01    0.3355886762E+00    0.3081195067E-01
   -0.4297698750E+01    0.3494145137E+00    0.3798777125E-01
   -0.4278849194E+01    0.3616066161E+00    0.4504436869E-01
   -0.4259999638E+01    0.3717741882E+00    0.5191086773E-01
   -0.4241150082E+01    0.3795533921E+00    0.5851593475E-01
   -0.4222300526E+01    0.3846184441E+00    0.6478845914E-01
   -0.4203450971E+01    0.3866919648E+00    0.7065825410E-01
   -0.4184601415E+01    0.3855542502E+00    0.7605677042E-01
   -0.4165751859E+01    0.3810511509E+00    0.8091781640E-01
   -0.4146902303E+01    0.3731002816E+00    0.8517827710E-01
   -0.4128052747E+01    0.3616953211E+00    0.8877882544E-01
   -0.4109203191E+01    0.3469082183E+00    0.9166461803E-01
   -0.4090353635E+01    0.3288891722E+00    0.9378596811E-01
   -0.4071504079E+01    0.3078643203E+00    0.9509898826E-01
   -0.4052654523E+01    0.2841311368E+00    0.9556619553E-01
   -0.4033804967E+01    0.2580516096E+00    0.9515707176E-01
   -0.4014955411E+01    0.2300433368E+00    0.9384857215E-01
   -0.3996105855E+01    0.2005687491E+00    0.9162557556E-01
   -0.3977256299E+01    0.1701227270E+00    0.8848127004E-01
   -0.3958406744E+01    0.1392189404E+00    0.8441746810E-01
   -0.3939557188E+01    0.1083752843E+00    0.7944484636E-01
   -0.3920707632E+01    0.7809882519E-01    0.7358310491E-01
   -0.3901858076E+01    0.4887069646E-01    0.6686104257E-01
   -0.3883008520E+01    0.2113139969E-01    0.5931654476E-01
   -0.3864158964E+01   -0.4733033805E-02    0.5099648158E-01
   -0.3845309408E+01   -0.2840357746E-01    0.4195651456E-01
   -0.3826459852E+01   -0.4963902379E-01    0.3226081135E-01
   -0.3807610296E+01   -0.6828470221E-01    0.2198166856E-01
   -0.3788760740E+01   -0.8427877678E-01    0.1119904395E-01
   -0.3769911184E+01   -0.9765586424E-01   -0.8869574488E-16
   -0.3751061628E+01   -0.1085477867E+00   -0.1152193804E-01
   -0.3732212072E+01   -0.1171813549E+00   -0.2326750566E-01
   -0.3713362517E+01   -0.1238731645E+00   -0.3513249919E-01
   -0.3694512961E+01   -0.1290214791E+00   -0.4700864670E-01
   -0.3675663405E+01   -0.1330953627E+00   -0.5878454294E-01
   -0.3656813849E+01   -0.1366213139E+00   -0.7034664077E-01
   -0.3637964293E+01   -0.1401677341E+00   -0.8158029083E-01
   -0.3619114737E+01   -0.1443276421E+00   -0.9237082037E-01
   -0.3600265181E+01   -0.1497001054E+00   -0.1026046415E+00
   -0.3581415625E+01   -0.1568709162E+00   -0.1121703788E+00
   -0.3562566069E+01   -0.1663930759E+00   -0.1209600056E+00
   -0.3543716513E+01   -0.1787676700E+00   -0.1288699775E+00
   -0.3524866957E+01   -0.1944257266E+00   -0.1358023524E+00
   -0.3506017401E+01   -0.2137116301E+00   -0.1416658850E+00
   -0.3487167845E+01   -0.2368686376E+00   -0.1463770848E+00
   -0.3468318290E+01   -0.2640269906E+00   -0.1498612254E+00
   -0.3449468734E+01   -0.2951950558E+00   -0.1520532947E+00
   -0.3430619178E+01   -0.3302538429E+00   -0.1528988745E+00
   -0.3411769622E+01   -0.3689551594E+00   -0.1523549388E+00
   -0.3392920066E+01   -0.4109235580E+00   -0.1503905611E+00
   -0.3374070510E+01   -0.4556621203E+00   -0.1469875224E+00
   -0.3355220954E+01   -0.5025620103E+00   -0.1421408085E+00
   -0.3336371398E+01   -0.5509156114E+00   -0.1358589926E+00
   -0.3317521842E+01   -0.5999329506E+00   -0.1281644935E+00
   -0.3298672286E+01   -0.6487610068E+00   -0.1190937053E+00
   -0.3279822730E+01   -0.6965054024E+00   -0.1086969944E+00
   -0.3260973174E+01   -0.7422538935E+00   -0.9703855881E-01
   -0.3242123619E+01   -0.7851010053E+00   -0.8419615015E-01
   -0.3223274063E+01   -0.8241731084E+00   -0.7026065596E-01
   -0.3204424507E+01   -0.8586532019E+00   -0.5533554401E-01
   -0.3185574951E+01   -0.8878046575E+00   -0.3953617045E-01
   -0.3166725395E+01   -0.9109931973E+00   -0.2298895551E-01
   -0.3147875839E+01   -0.9277064057E+00   -0.5830431841E-02
   -0.3129026283E+01   -0.9375701419E+00    0.1179382832E-01
   -0.3110176727E+01   -0.9403612895E+00    0.2973039909E-01
   -0.3091327171E+01   -0.9360163829E+00    0.4781929116E-01
   -0.3072477615E+01   -0.9246357594E+00    0.6589533577E-01
   -0.3053628059E+01   -0.9064830141E+00    0.8378965105E-01
   -0.3034778503E+01   -0.8819796695E+00    0.1013311780E+00
   -0.3015928947E+01   -0.8516951147E+00    0.1183482728E+00
   -0.2997079392E+01   -0.8163320121E+00    0.1346703403E+00
   -0.2978229836E+01   -0.7767075088E+00    0.1501294948E+00
   -0.2959380280E+01   -0.7337307274E+00    0.1645622305E+00
   -0.2940530724E+01   -0.6883771276E+00    0.1778110878E+00
   -0.2921681168E+01   -0.6416604437E+00    0.1897262957E+00
   -0.2902831612E+01   -0.5946029848E+00    0.2001673771E+00
   -0.2883982056E+01   -0.5482051577E+00    0.2090046979E+00
   -0.2865132500E+01   -0.5034151086E+00    0.2161209440E+00
   -0.2846282944E+01   -0.4610993992E+00    0.2214125107E+00
   -0.2827433388E+01   -0.4220156199E+00    0.2247907888E+00
   -0.2808583832E+01   -0.3867878043E+00    0.2261833314E+00
   -0.2789734276E+01   -0.3558854429E+00    0.2255348895E+00
   -0.2770884720E+01   -0.3296068015E+00    0.2228083013E+00
   -0.2752035165E+01   -0.3080671384E+00    0.2179852248E+00
   -0.2733185609E+01   -0.2911922740E+00    0.2110667031E+00
   -0.2714336053E+01   -0.2787178206E+00    0.2020735531E+00
   -0.2695486497E+01   -0.2701942118E+00    0.1910465696E+00
   -0.2676636941E+01   -0.2649975003E+00    0.1780465413E+00
   -0.2657787385E+01   -0.2623457211E+00    0.1631540715E+00
   -0.2638937829E+01   -0.2613204406E+00    0.1464692043E+00
   -0.2620088273E+01   -0.2608929535E+00    0.1281108550E+00
   -0.2601238717E+01   -0.2599544344E+00    0.1082160455E+00
   -0.2582389161E+01   -0.2573492199E+00    0.8693895043E-01
   -0.2563539605E+01   -0.2519102872E+00    0.6444975808E-01
   -0.2544690049E+01   -0.2424959076E+00    0.4093335446E-01
   -0.2525840493E+01   -0.2280264012E+00    0.1658784003E-01
   -0.2506990938E+01   -0.2075198907E+00   -0.8377109640E-02
   -0.2488141382E+01   -0.1801259646E+00   -0.3374202606E-01
   -0.2469291826E+01   -0.1451561992E+00   -0.5927955801E-01
   -0.2450442270E+01   -0.1021105621E+00   -0.8475649335E-01
   -0.2431592714E+01   -0.5069882734E-01   -0.1099358747E+00
   -0.2412743158E+01    0.9143738261E-02   -0.1345791900E+00
   -0.2393893602E+01    0.7724699766E-01   -0.1584486173E+00
   -0.2375044046E+01    0.1532032784E+00   -0.1813093041E+00
   -0.2356194490E+01    0.2363716292E+00   -0.2029316577E+00
   -0.2337344934E+01    0.3258890056E+00   -0.2230936252E+00
   -0.2318495378E+01    0.4206881820E+00   -0.2415829415E+00
   -0.2299645822E+01    0.5195219870E+00   -0.2581993212E+00
   -0.2280796267E+01    0.6209932579E+00   -0.2727565724E+00
   -0.2261946711E+01    0.7235897327E+00   -0.2850846108E+00
   -0.2243097155E+01    0.8257229343E+00   -0.2950313532E+00
   -0.2224247599E+01    0.9257699657E+00   -0.3024644677E+00
   -0.2205398043E+01    0.1022117033E+01   -0.3072729634E+00
   -0.2186548487E+01    0.1113203436E+01   -0.3093686008E+00
   -0.2167698931E+01    0.1197564735E+01   -0.3086871045E+00
   -0.2148849375E+01    0.1273873809E+01   -0.3051891660E+00
   -0.2129999819E+01    0.1340978547E+01   -0.2988612208E+00
   -0.2111150263E+01    0.1397935020E+01   -0.2897159903E+00
   -0.2092300707E+01    0.1444035073E+01   -0.2777927783E+00
   -0.2073451151E+01    0.1478827439E+01   -0.2631575166E+00
   -0.2054601595E+01    0.1502131657E+01   -0.2459025542E+00
   -0.2035752040E+01    0.1514044270E+01   -0.2261461888E+00
   -0.2016902484E+01    0.1514937019E+01   -0.2040319411E+00
   -0.1998052928E+01    0.1505446965E+01   -0.1797275754E+00
   -0.1979203372E+01    0.1486458717E+01   -0.1534238715E+00
   -0.1960353816E+01    0.1459079196E+01   -0.1253331573E+00
   -0.1941504260E+01    0.1424605574E+01   -0.9568761197E-01
   -0.1922654704E+01    0.1384487256E+01   -0.6473735322E-01
   -0.1903805148E+01    0.1340282948E+01   -0.3274832460E-01
   -0.1884955592E+01    0.1293614038E+01    0.1287640952E-15
   -0.1866106036E+01    0.1246115621E+01    0.3321707443E-01
   -0.1847256480E+01    0.1199386611E+01    0.6660387940E-01
   -0.1828406924E+01    0.1154940399E+01    0.9985563917E-01
   -0.1809557368E+01    0.1114157562E+01    0.1326646309E+00
   -0.1790707813E+01    0.1078242050E+01    0.1647230608E+00
   -0.1771858257E+01    0.1048182213E+01    0.1957259793E+00
   -0.1753008701E+01    0.1024717895E+01    0.2253742082E+00
   -0.1734159145E+01    0.1008314663E+01    0.2533772503E+00
   -0.1715309589E+01    0.9991460424E+00    0.2794561546E+00
   -0.1696460033E+01    0.9970843801E+00    0.3033463065E+00
   -0.1677610477E+01    0.1001700743E+01    0.3248001167E+00
   -0.1658760921E+01    0.1012273961E+01    0.3435895799E+00
   -0.1639911365E+01    0.1027808667E+01    0.3595086779E+00
   -0.1621061809E+01    0.1047061920E+01    0.3723756012E+00
   -0.1602212253E+01    0.1068577721E+01    0.3820347650E+00
   -0.1583362697E+01    0.1090728492E+01    0.3883585979E+00
   -0.1564513141E+01    0.1111762389E+01    0.3912490838E+00
   -0.1545663586E+01    0.1129855080E+01    0.3906390369E+00
   -0.1526814030E+01    0.1143164539E+01    0.3864930976E+00
   -0.1507964474E+01    0.1149887237E+01    0.3788084329E+00
   -0.1489114918E+01    0.1148314075E+01    0.3676151336E+00
   -0.1470265362E+01    0.1136884412E+01    0.3529763004E+00
   -0.1451415806E+01    0.1114236532E+01    0.3349878140E+00
   -0.1432566250E+01    0.1079253027E+01    0.3137777884E+00
   -0.1413716694E+01    0.1031099670E+01    0.2895057096E+00
   -0.1394867138E+01    0.9692565619E+00    0.2623612640E+00
   -0.1376017582E+01    0.8935405275E+00    0.2325628658E+00
   -0.1357168026E+01    0.8041179924E+00    0.2003558926E+00
   -0.1338318470E+01    0.7015078597E+00    0.1660106459E+00
   -0.1319468915E+01    0.5865741794E+00    0.1298200514E+00
   -0.1300619359E+01    0.4605087169E+00    0.9209711936E-01
   -0.1281769803E+01    0.3248038242E+00    0.5317218894E-01
   -0.1262920247E+01    0.1812163109E+00    0.1338997837E-01
   -0.1244070691E+01    0.3172328541E-01   -0.2689352981E-01
   -0.1225221135E+01   -0.1215288124E+00   -0.6731434103E-01
   -0.1206371579E+01   -0.2762805561E+00   -0.1075038078E+00
   -0.1187522023E+01   -0.4302196457E+00   -0.1470920639E+00
   -0.1168672467E+01   -0.5810430583E+00   -0.1857115016E+00
   -0.1149822911E+01   -0.7265194230E+00   -0.2230002577E+00
   -0.1130973355E+01   -0.8645497913E+00   -0.2586056748E+00
   -0.1112123799E+01   -0.9932249999E+00   -0.2921877052E+00
   -0.1093274243E+01   -0.1110877912E+01   -0.3234222220E+00
   -0.1074424688E+01   -0.1216128960E+01   -0.3520042055E+00
   -0.1055575132E+01   -0.1307923602E+01   -0.3776507739E+00
   -0.1036725576E+01   -0.1385560524E+01   -0.4001040256E+00
   -0.1017876020E+01   -0.1448709697E+01   -0.4191336655E+00
   -0.9990264638E+00   -0.1497419693E+01   -0.4345393881E+00
   -0.9801769079E+00   -0.1532113963E+01   -0.4461529917E+00
   -0.9613273520E+00   -0.1553576124E+01   -0.4538402019E+00
   -0.9424777961E+00   -0.1562924624E+01   -0.4575021842E+00
   -0.9236282402E+00   -0.1561577465E+01   -0.4570767286E+00
   -0.9047786842E+00   -0.1551207975E+01   -0.4525390937E+00
   -0.8859291283E+00   -0.1533692886E+01   -0.4439024973E+00
   -0.8670795724E+00   -0.1511054219E+01   -0.4312182491E+00
   -0.8482300165E+00   -0.1485396654E+01   -0.4145755199E+00
   -0.8293804605E+00   -0.1458842244E+01   -0.3941007476E+00
   -0.8105309046E+00   -0.1433464372E+01   -0.3699566842E+00
   -0.7916813487E+00   -0.1411222937E+01   -0.3423410901E+00
   -0.7728317928E+00   -0.1393902690E+01   -0.3114850858E+00
   -0.7539822369E+00   -0.1383056578E+01   -0.2776511757E+00
   -0.7351326809E+00   -0.1379955816E+01   -0.2411309613E+00
   -0.7162831250E+00   -0.1385548210E+01   -0.2022425632E+00
   -0.6974335691E+00   -0.1400426016E+01   -0.1613277763E+00
   -0.6785840132E+00   -0.1424804355E+01   -0.1187489832E+00
   -0.6597344573E+00   -0.1458510881E+01   -0.7488585588E-01
   -0.6408849013E+00   -0.1500987071E+01   -0.3013187474E-01
   -0.6220353454E+00   -0.1551301178E+01    0.1510930082E-01
   -0.6031857895E+00   -0.1608172508E+01    0.6042757669E-01
   -0.5843362336E+00   -0.1670006383E+01    0.1054102472E+00
   -0.5654866776E+00   -0.1734938796E+01    0.1496458608E+00
   -0.5466371217E+00   -0.1800889488E+01    0.1927280903E+00
   -0.5277875658E+00   -0.1865621932E+01    0.2342595718E+00
   -0.5089380099E+00   -0.1926808454E+01    0.2738556733E+00
   -0.4900884540E+00   -0.1982098620E+01    0.3111481572E+00
   -0.4712388980E+00   -0.2029188855E+01    0.3457887012E+00
   -0.4523893421E+00   -0.2065891261E+01    0.3774522421E+00
   -0.4335397862E+00   -0.2090199580E+01    0.4058401102E+00
   -0.4146902303E+00   -0.2100350345E+01    0.4306829230E+00
   -0.3958406744E+00   -0.2094877404E+01    0.4517432096E+00
   -0.3769911184E+00   -0.2072658154E+01    0.4688177397E+00
   -0.3581415625E+00   -0.2032950119E+01    0.4817395327E+00
   -0.3392920066E+00   -0.1975416732E+01    0.4903795288E+00
   -0.3204424507E+00   -0.1900141529E+01    0.4946479021E+00
   -0.3015928947E+00   -0.1807630300E+01    0.4944950050E+00
   -0.2827433388E+00   -0.1698801093E+01    0.4899119314E+00
   -0.2638937829E+00   -0.1574962314E+01    0.4809306936E+00
   -0.2450442270E+00   -0.1437779554E+01    0.4676240106E+00
   -0.2261946711E+00   -0.1289232064E+01    0.4501047078E+00
   -0.2073451151E+00   -0.1131560145E+01    0.4285247342E+00
   -0.1884955592E+00   -0.9672049690E+00    0.4030738055E+00
   -0.1696460033E+00   -0.7987425845E+00    0.3739776855E+00
   -0.1507964474E+00   -0.6288140274E+00    0.3414961219E+00
   -0.1319468915E+00   -0.4600535834E+00    0.3059204560E+00
   -0.1130973355E+00   -0.2950172988E+00    0.2675709283E+00
   -0.9424777961E-01   -0.1361138363E+00    0.2267937076E+00
   -0.7539822369E-01    0.1446029875E-01    0.1839576687E+00
   -0.5654866776E-01    0.1547792610E+00    0.1394509529E+00
   -0.3769911184E-01    0.2832383840E+00    0.9367734271E-01
   -0.1884955592E-01    0.3985952336E+00    0.4705248483E-01
    0.0000000000E+00    0.5000000000E+00    0.0000000000E+00
    0.1884955592E-01    0.5870143417E+00   -0.4705248483E-01
    0.3769911184E-01    0.6596181415E+00   -0.9367734271E-01
    0.5654866776E-01    0.7182039907E+00   -0.1394509529E+00
    0.7539822369E-01    0.7635595812E+00   -0.1839576687E+00
    0.9424777961E-01    0.7968385426E+00   -0.2267937076E+00
    0.1130973355E+00    0.8195206070E+00   -0.2675709283E+00
    0.1319468915E+00    0.8333622933E+00   -0.3059204560E+00
    0.1507964474E+00    0.8403395901E+00   -0.3414961219E+00
    0.1696460033E+00    0.8425843455E+00   -0.3739776855E+00
    0.1884955592E+00    0.8423162614E+00   -0.4030738055E+00
    0.2073451151E+00    0.8417725149E+00   -0.4285247342E+00
    0.2261946711E+00    0.8431370983E+00   -0.4501047078E+00
    0.2450442270E+00    0.8484719751E+00   -0.4676240106E+00
    0.2638937829E+00    0.8596520900E+00   -0.4809306936E+00
    0.2827433388E+00    0.8783061555E+00   -0.4899119314E+00
    0.3015928947E+00    0.9057649621E+00   -0.4944950050E+00
    0.3204424507E+00    0.9430187321E+00   -0.4946479021E+00
    0.3392920066E+00    0.9906847668E+00   -0.4903795288E+00
    0.3581415625E+00    0.1048986328E+01   -0.4817395327E+00
    0.3769911184E+00    0.1117743360E+01   -0.4688177397E+00
    0.3958406744E+00    0.1196375308E+01   -0.4517432096E+00
    0.4146902303E+00    0.1283915922E+01   -0.4306829230E+00
    0.4335397862E+00    0.1379039591E+01   -0.4058401102E+00
    0.4523893421E+00    0.1480098406E+01   -0.3774522421E+00
    0.4712388980E+00    0.1585168830E+01   -0.3457887012E+00
    0.4900884540E+00    0.1692106582E+01   -0.3111481572E+00
    0.5089380099E+00    0.1798608093E+01   -0.2738556733E+00
    0.5277875658E+00    0.1902276706E+01   -0.2342595718E+00
    0.5466371217E+00    0.2000691670E+01   -0.1927280903E+00
    0.5654866776E+00    0.2091477864E+01   -0.1496458608E+00
    0.5843362336E+00    0.2172374224E+01   -0.1054102472E+00
    0.6031857895E+00    0.2241298854E+01   -0.6042757669E-01
    0.6220353454E+00    0.2296408910E+01   -0.1510930082E-01
    0.6408849013E+00    0.2336153529E+01    0.3013187474E-01
    0.6597344573E+00    0.2359318278E+01    0.7488585588E-01
    0.6785840132E+00    0.2365059827E+01    0.1187489832E+00
    0.6974335691E+00    0.2352929897E+01    0.1613277763E+00
    0.7162831250E+00    0.2322887805E+01    0.2022425632E+00
    0.7351326809E+00    0.2275301306E+01    0.2411309613E+00
    0.7539822369E+00    0.2210935736E+01    0.2776511757E+00
    0.7728317928E+00    0.2130931863E+01    0.3114850858E+00
    0.7916813487E+00    0.2036773119E+01    0.3423410901E+00
    0.8105309046E+00    0.1930243246E+01    0.3699566842E+00
    0.8293804605E+00    0.1813375645E+01    0.3941007476E+00
    0.8482300165E+00    0.1688395948E+01    0.4145755199E+00
    0.8670795724E+00    0.1557659542E+01    0.4312182491E+00
    0.8859291283E+00    0.1423585890E+01    0.4439024973E+00
    0.9047786842E+00    0.1288591599E+01    0.4525390937E+00
    0.9236282402E+00    0.1155024200E+01    0.4570767286E+00
    0.9424777961E+00    0.1025098551E+01    0.4575021842E+00
    0.9613273520E+00    0.9008377318E+00    0.4538402019E+00
    0.9801769079E+00    0.7840200993E+00    0.4461529917E+00
    0.9990264638E+00    0.6761340123E+00    0.4345393881E+00
    0.1017876020E+01    0.5783414930E+00    0.4191336655E+00
    0.1036725576E+01    0.4914518073E+00    0.4001040256E+00
    0.1055575132E+01    0.4159056576E+00    0.3776507739E+00
    0.1074424688E+01    0.3517703560E+00    0.3520042055E+00
    0.1093274243E+01    0.2987460243E+00    0.3234222220E+00
    0.1112123799E+01    0.2561825354E+00    0.2921877052E+00
    0.1130973355E+01    0.2231066008E+00    0.2586056748E+00
    0.1149822911E+01    0.1982581107E+00    0.2230002577E+00
    0.1168672467E+01    0.1801345702E+00    0.1857115016E+00
    0.1187522023E+01    0.1670422418E+00    0.1470920639E+00
    0.1206371579E+01    0.1571524235E+00    0.1075038078E+00
    0.1225221135E+01    0.1485611489E+00    0.6731434103E-01
    0.1244070691E+01    0.1393505122E+00    0.2689352981E-01
    0.1262920247E+01    0.1276497890E+00   -0.1338997837E-01
    0.1281769803E+01    0.1116945460E+00   -0.5317218894E-01
    0.1300619359E+01    0.8988200822E-01   -0.9209711936E-01
    0.1319468915E+01    0.6082108087E-01   -0.1298200514E+00
    0.1338318470E+01    0.2337559341E-01   -0.1660106459E+00
    0.1357168026E+01   -0.2330044986E-01   -0.2003558926E+00
    0.1376017582E+01   -0.7973658235E-01   -0.2325628658E+00
    0.1394867138E+01   -0.1461292454E+00   -0.2623612640E+00
    0.1413716694E+01   -0.2223352184E+00   -0.2895057096E+00
    0.1432566250E+01   -0.3078752098E+00   -0.3137777884E+00
    0.1451415806E+01   -0.4019474089E+00   -0.3349878140E+00
    0.1470265362E+01   -0.5034505054E+00   -0.3529763004E+00
    0.1489114918E+01   -0.6110154096E+00   -0.3676151336E+00
    0.1507964474E+01   -0.7230446570E+00   -0.3788084329E+00
    0.1526814030E+01   -0.8377582642E+00   -0.3864930976E+00
    0.1545663586E+01   -0.9532446252E+00   -0.3906390369E+00
    0.1564513141E+01   -0.1067514906E+01   -0.3912490838E+00
    0.1583362697E+01   -0.1178559301E+01   -0.3883585979E+00
    0.1602212253E+01   -0.1284403497E+01   -0.3820347650E+00
    0.1621061809E+01   -0.1383163668E+01   -0.3723756012E+00
    0.1639911365E+01   -0.1473098423E+01   -0.3595086779E+00
    0.1658760921E+01   -0.1552656222E+01   -0.3435895799E+00
    0.1677610477E+01   -0.1620516910E+01   -0.3248001167E+00
    0.1696460033E+01   -0.1675626231E+01   -0.3033463065E+00
    0.1715309589E+01   -0.1717222402E+01   -0.2794561546E+00
    0.1734159145E+01   -0.1744854050E+01   -0.2533772503E+00
    0.1753008701E+01   -0.1758389101E+01   -0.2253742082E+00
    0.1771858257E+01   -0.1758014473E+01   -0.1957259793E+00
    0.1790707813E+01   -0.1744226696E+01   -0.1647230608E+00
    0.1809557368E+01   -0.1717813838E+01   -0.1326646309E+00
    0.1828406924E+01   -0.1679829398E+01   -0.9985563917E-01
    0.1847256480E+01   -0.1631559011E+01   -0.6660387940E-01
    0.1866106036E+01   -0.1574481043E+01   -0.3321707443E-01
    0.1884955592E+01   -0.1510222308E+01   -0.1287640952E-15
    0.1903805148E+01   -0.1440510265E+01    0.3274832460E-01
    0.1922654704E+01   -0.1367123136E+01    0.6473735322E-01
    0.1941504260E+01   -0.1291839432E+01    0.9568761197E-01
    0.1960353816E+01   -0.1216388369E+01    0.1253331573E+00
    0.1979203372E+01   -0.1142402597E+01    0.1534238715E+00
    0.1998052928E+01   -0.1071374611E+01    0.1797275754E+00
    0.2016902484E+01   -0.1004618024E+01    0.2040319411E+00
    0.2035752040E+01   -0.9432347913E+00    0.2261461888E+00
    0.2054601595E+01   -0.8880892339E+00    0.2459025542E+00
    0.2073451151E+01   -0.8397895074E+00    0.2631575166E+00
    0.2092300707E+01   -0.7986769510E+00    0.2777927783E+00
    0.2111150263E+01   -0.7648234909E+00    0.2897159903E+00
    0.2129999819E+01   -0.7380370434E+00    0.2988612208E+00
    0.2148849375E+01   -0.7178746249E+00    0.3051891660E+00
    0.2167698931E+01   -0.7036626552E+00    0.3086871045E+00
    0.2186548487E+01   -0.6945237352E+00    0.3093686008E+00
    0.2205398043E+01   -0.6894090002E+00    0.3072729634E+00
    0.2224247599E+01   -0.6871350022E+00    0.3024644677E+00
    0.2243097155E+01   -0.6864239552E+00    0.2950313532E+00
    0.2261946711E+01   -0.6859461006E+00    0.2850846108E+00
    0.2280796267E+01   -0.6843629042E+00    0.2727565724E+00
    0.2299645822E+01   -0.6803697954E+00    0.2581993212E+00
    0.2318495378E+01   -0.6727371937E+00    0.2415829415E+00
    0.2337344934E+01   -0.6603486386E+00    0.2230936252E+00
    0.2356194490E+01   -0.6422349445E+00    0.2029316577E+00
    0.2375044046E+01   -0.6176034386E+00    0.1813093041E+00
    0.2393893602E+01   -0.5858614991E+00    0.1584486173E+00
    0.2412743158E+01   -0.5466337947E+00    0.1345791900E+00
    0.2431592714E+01   -0.4997728216E+00    0.1099358747E+00
    0.2450442270E+01   -0.4453625369E+00    0.8475649335E-01
    0.2469291826E+01   -0.3837150990E+00    0.5927955801E-01
    0.2488141382E+01   -0.3153609242E+00    0.3374202606E-01
    0.2506990938E+01   -0.2410324636E+00    0.8377109640E-02
    0.2525840493E+01   -0.1616422846E+00   -0.1658784003E-01
    0.2544690049E+01   -0.7825619355E-01   -0.4093335446E-01
    0.2563539605E+01    0.7937724359E-02   -0.6444975808E-01
    0.2582389161E+01    0.9566317425E-01   -0.8693895043E-01
    0.2601238717E+01    0.1835917765E+00   -0.1082160455E+00
    0.2620088273E+01    0.2703801569E+00   -0.1281108550E+00
    0.2638937829E+01    0.3547069008E+00   -0.1464692043E+00
    0.2657787385E+01    0.4353082960E+00   -0.1631540715E+00
    0.2676636941E+01    0.5110118439E+00   -0.1780465413E+00
    0.2695486497E+01    0.5807666041E+00   -0.1910465696E+00
    0.2714336053E+01    0.6436695475E+00   -0.2020735531E+00
    0.2733185609E+01    0.6989872271E+00   -0.2110667031E+00
    0.2752035165E+01    0.7461722263E+00   -0.2179852248E+00
    0.2770884720E+01    0.7848740075E+00   -0.2228083013E+00
    0.2789734276E+01    0.8149439577E+00   -0.2255348895E+00
    0.2808583832E+01    0.8364345991E+00   -0.2261833314E+00
    0.2827433388E+01    0.8495931088E+00   -0.2247907888E+00
    0.2846282944E+01    0.8548494502E+00   -0.2214125107E+00
    0.2865132500E+01    0.8527995770E+00   -0.2161209440E+00
    0.2883982056E+01    0.8441842996E+00   -0.2090046979E+00
    0.2902831612E+01    0.8298645233E+00   -0.2001673771E+00
    0.2921681168E+01    0.8107936567E+00   -0.1897262957E+00
    0.2940530724E+01    0.7879880552E+00   -0.1778110878E+00
    0.2959380280E+01    0.7624964042E+00   -0.1645622305E+00
    0.2978229836E+01    0.7353689574E+00   -0.1501294948E+00
    0.2997079392E+01    0.7076275305E+00   -0.1346703403E+00
    0.3015928947E+01    0.6802371084E+00   -0.1183482728E+00
    0.3034778503E+01    0.6540798569E+00   -0.1013311780E+00
    0.3053628059E+01    0.6299322426E+00   -0.8378965105E-01
    0.3072477615E+01    0.6084458577E+00   -0.6589533577E-01
    0.3091327171E+01    0.5901324221E+00   -0.4781929116E-01
    0.3110176727E+01    0.5753533035E+00   -0.2973039909E-01
    0.3129026283E+01    0.5643137555E+00   -0.1179382832E-01
    0.3147875839E+01    0.5570619286E+00    0.5830431841E-02
    0.3166725395E+01    0.5534925681E+00    0.2298895551E-01
    0.3185574951E+01    0.5533551786E+00    0.3953617045E-01
    0.3204424507E+01    0.5562663045E+00    0.5533554401E-01
    0.3223274063E+01    0.5617254675E+00    0.7026065596E-01
    0.3242123619E+01    0.5691342008E+00    0.8419615015E-01
    0.3260973174E+01    0.5778175456E+00    0.9703855881E-01
    0.3279822730E+01    0.5870473138E+00    0.1086969944E+00
    0.3298672286E+01    0.5960663910E+00    0.1190937053E+00
    0.3317521842E+01    0.6041133334E+00    0.1281644935E+00
    0.3336371398E+01    0.6104465284E+00    0.1358589926E+00
    0.3355220954E+01    0.6143672147E+00    0.1421408085E+00
    0.3374070510E+01    0.6152407097E+00    0.1469875224E+00
    0.3392920066E+01    0.6125152612E+00    0.1503905611E+00
    0.3411769622E+01    0.6057380239E+00    0.1523549388E+00
    0.3430619178E+01    0.5945677583E+00    0.1528988745E+00
    0.3449468734E+01    0.5787839569E+00    0.1520532947E+00
    0.3468318290E+01    0.5582922134E+00    0.1498612254E+00
    0.3487167845E+01    0.5331257675E+00    0.1463770848E+00
    0.3506017401E+01    0.5034432713E+00    0.1416658850E+00
    0.3524866957E+01    0.4695229347E+00    0.1358023524E+00
    0.3543716513E+01    0.4317533072E+00    0.1288699775E+00
    0.3562566069E+01    0.3906210487E+00    0.1209600056E+00
    0.3581415625E+01    0.3466961207E+00    0.1121703788E+00
    0.3600265181E+01    0.3006148941E+00    0.1026046415E+00
    0.3619114737E+01    0.2530617166E+00    0.9237082037E-01
    0.3637964293E+01    0.2047495192E+00    0.8158029083E-01
    0.3656813849E+01    0.1564000475E+00    0.7034664077E-01
    0.3675663405E+01    0.1087243057E+00    0.5878454294E-01
    0.3694512961E+01    0.6240377524E-01    0.4700864670E-01
    0.3713362517E+01    0.1807293510E-01    0.3513249919E-01
    0.3732212072E+01   -0.2369644296E-01    0.2326750566E-01
    0.3751061628E+01   -0.6240881455E-01    0.1152193804E-01
    0.3769911184E+01   -0.9765586424E-01    0.8869574488E-16
    0.3788760740E+01   -0.1291247372E+00   -0.1119904395E-01
    0.3807610296E+01   -0.1566033377E+00   -0.2198166856E-01
    0.3826459852E+01   -0.1799826215E+00   -0.3226081135E-01
    0.3845309408E+01   -0.1992559001E+00   -0.4195651456E-01
    0.3864158964E+01   -0.2145152597E+00   -0.5099648158E-01
    0.3883008520E+01   -0.2259452838E+00   -0.5931654476E-01
    0.3901858076E+01   -0.2338143359E+00   -0.6686104257E-01
    0.3920707632E+01   -0.2384637295E+00   -0.7358310491E-01
    0.3939557188E+01   -0.2402951600E+00   -0.7944484636E-01
    0.3958406744E+01   -0.2397568171E+00   -0.8441746810E-01
    0.3977256299E+01   -0.2373286194E+00   -0.8848127004E-01
    0.3996105855E+01   -0.2335070302E+00   -0.9162557556E-01
    0.4014955411E+01   -0.2287899068E+00   -0.9384857215E-01
    0.4033804967E+01   -0.2236618278E+00   -0.9515707176E-01
    0.4052654523E+01   -0.2185803087E+00   -0.9556619553E-01
    0.4071504079E+01   -0.2139632848E+00   -0.9509898826E-01
    0.4090353635E+01   -0.2101781855E+00   -0.9378596811E-01
    0.4109203191E+01   -0.2075328727E+00   -0.9166461803E-01
    0.4128052747E+01   -0.2062686496E+00   -0.8877882544E-01
    0.4146902303E+01   -0.2065554805E+00   -0.8517827710E-01
    0.4165751859E+01   -0.2084894929E+00   -0.8091781640E-01
    0.4184601415E+01   -0.2120927629E+00   -0.7605677042E-01
    0.4203450971E+01   -0.2173153196E+00   -0.7065825410E-01
    0.4222300526E+01   -0.2240392377E+00   -0.6478845914E-01
    0.4241150082E+01   -0.2320846335E+00   -0.5851593475E-01
    0.4259999638E+01   -0.2412173268E+00   -0.5191086773E-01
    0.4278849194E+01   -0.2511578903E+00   -0.4504436869E-01
    0.4297698750E+01   -0.2615917750E+00   -0.3798777125E-01
    0.4316548306E+01   -0.2721801806E+00   -0.3081195067E-01
    0.4335397862E+01   -0.2825713250E+00   -0.2358666785E-01
    0.4354247418E+01   -0.2924117674E+00   -0.1637994433E-01
    0.4373096974E+01   -0.3013574511E+00   -0.9257473432E-02
    0.4391946530E+01   -0.3090841458E+00   -0.2282072149E-02
    0.4410796086E+01   -0.3152970025E+00    0.4486822232E-02
    0.4429645642E+01   -0.3197389655E+00    0.1099360716E-01
    0.4448495197E+01   -0.3221978296E+00    0.1718691871E-01
    0.4467344753E+01   -0.3225117762E+00    0.2301998189E-01
    0.4486194309E+01   -0.3205732743E+00    0.2845090580E-01
    0.4505043865E+01   -0.3163312798E+00    0.3344292240E-01
    0.4523893421E+01   -0.3097917249E+00    0.3796456842E-01
    0.4542742977E+01   -0.3010163347E+00    0.4198981046E-01
    0.4561592533E+01   -0.2901198574E+00    0.4549811387E-01
    0.4580442089E+01   -0.2772658419E+00    0.4847445658E-01
    0.4599291645E+01   -0.2626611293E+00    0.5090928953E-01
    0.4618141201E+01   -0.2465492615E+00    0.5279844577E-01
    0.4636990757E+01   -0.2292030335E+00    0.5414300090E-01
    0.4655840313E+01   -0.2109164338E+00    0.5494908768E-01
    0.4674689869E+01   -0.1919962275E+00    0.5522766826E-01
    0.4693539424E+01   -0.1727534387E+00    0.5499426752E-01
    0.4712388980E+01   -0.1534949825E+00    0.5426867149E-01
    0.4731238536E+01   -0.1345156850E+00    0.5307459501E-01
    0.4750088092E+01   -0.1160909104E+00    0.5143932268E-01
    0.4768937648E+01   -0.9846998713E-01    0.4939332781E-01
    0.4787787204E+01   -0.8187059794E-01    0.4696987355E-01
    0.4806636760E+01   -0.6647426246E-01    0.4420460083E-01
    0.4825486316E+01   -0.5242300535E-01    0.4113510764E-01
    0.4844335872E+01   -0.3981726518E-01    0.3780052381E-01
    0.4863185428E+01   -0.2871506070E-01    0.3424108589E-01
    0.4882034984E+01   -0.1913239362E-01    0.3049771608E-01
    0.4900884540E+01   -0.1104483180E-01    0.2661160919E-01
    0.4919734096E+01   -0.4390183909E-02    0.2262383152E-01
    0.4938583651E+01    0.9278521573E-03    0.1857493494E-01
    0.4957433207E+01    0.5035209036E-02    0.1450458970E-01
    0.4976282763E+01    0.8082299218E-02    0.1045123855E-01
    0.4995132319E+01    0.1023836899E-01    0.6451775081E-02
    0.5013981875E+01    0.1168554028E-01    0.2541248496E-02
    0.5032831431E+01    0.1261272609E-01   -0.1247403359E-02
    0.5051680987E+01    0.1320960221E-01   -0.4883590945E-02
    0.5070530543E+01    0.1366080921E-01   -0.8339278805E-02
    0.5089380099E+01    0.1414054594E-01   -0.1158915925E-01
    0.5108229655E+01    0.1480769771E-01   -0.1461079342E-01
    0.5127079211E+01    0.1580162174E-01   -0.1738471949E-01
    0.5145928767E+01    0.1723868819E-01   -0.1989452823E-01
    0.5164778323E+01    0.1920964929E-01   -0.2212690625E-01
    0.5183627878E+01    0.2177788194E-01   -0.2407164784E-01
    0.5202477434E+01    0.2497852172E-01   -0.2572163627E-01
    0.5221326990E+01    0.2881847920E-01   -0.2707279598E-01
    0.5240176546E+01    0.3327730406E-01   -0.2812401723E-01
    0.5259026102E+01    0.3830883834E-01   -0.2887705479E-01
    0.5277875658E+01    0.4384357976E-01   -0.2933640283E-01
    0.5296725214E+01    0.4979165756E-01   -0.2950914803E-01
    0.5315574770E+01    0.5604630937E-01   -0.2940480314E-01
    0.5334424326E+01    0.6248773688E-01   -0.2903512338E-01
    0.5353273882E+01    0.6898721180E-01   -0.2841390824E-01
    0.5372123438E+01    0.7541130105E-01   -0.2755679092E-01
    0.5390972994E+01    0.8162608176E-01   -0.2648101822E-01
    0.5409822549E+01    0.8750122183E-01   -0.2520522319E-01
    0.5428672105E+01    0.9291381085E-01   -0.2374919321E-01
    0.5447521661E+01    0.9775183774E-01   -0.2213363581E-01
    0.5466371217E+01    0.1019172262E+00   -0.2037994470E-01
    0.5485220773E+01    0.1053283552E+00   -0.1850996832E-01
    0.5504070329E+01    0.1079220104E+00   -0.1654578292E-01
    0.5522919885E+01    0.1096547304E+00   -0.1450947251E-01
    0.5541769441E+01    0.1105035322E+00   -0.1242291723E-01
    0.5560618997E+01    0.1104660172E+00   -0.1030759218E-01
    0.5579468553E+01    0.1095598801E+00   -0.8184378084E-02
    0.5598318109E+01    0.1078218568E+00   -0.6073385291E-02
    0.5617167665E+01    0.1053061645E+00   -0.3993792251E-02
    0.5636017221E+01    0.1020824987E+00   -0.1963699505E-02
    0.5654866776E+01    0.9823366414E-01   -0.2251424527E-16
    0.5673716332E+01    0.9385292125E-01    0.1881733649E-02
    0.5692565888E+01    0.8904113824E-01    0.3667344521E-02
    0.5711415444E+01    0.8390383841E-01    0.5344169134E-02
    0.5730265000E+01    0.7854823307E-01    0.6901097532E-02
    0.5749114556E+01    0.7308032656E-01    0.8328615815E-02
    0.5767964112E+01    0.6760217454E-01    0.9618831435E-02
    0.5786813668E+01    0.6220936866E-01    0.1076548169E-01
    0.5805663224E+01    0.5698881111E-01    0.1176392603E-01
    0.5824512780E+01    0.5201683150E-01    0.1261112292E-01
    0.5843362336E+01    0.4735768610E-01    0.1330559208E-01
    0.5862211892E+01    0.4306246677E-01    0.1384736321E-01
    0.5881061448E+01    0.3916843354E-01    0.1423791202E-01
    0.5899911003E+01    0.3569877196E-01    0.1448008503E-01
    0.5918760559E+01    0.3266276375E-01    0.1457801408E-01
    0.5937610115E+01    0.3005634759E-01    0.1453702197E-01
    0.5956459671E+01    0.2786303656E-01    0.1436352053E-01
    0.5975309227E+01    0.2605514963E-01    0.1406490238E-01
    0.5994158783E+01    0.2459530724E-01    0.1364942771E-01
    0.6013008339E+01    0.2343813552E-01    0.1312610754E-01
    0.6031857895E+01    0.2253211983E-01    0.1250458456E-01
    0.6050707451E+01    0.2182154661E-01    0.1179501302E-01
    0.6069557007E+01    0.2124847282E-01    0.1100793872E-01
    0.6088406563E+01    0.2075466366E-01    0.1015418049E-01
    0.6107256119E+01    0.2028344335E-01    0.9244714026E-02
    0.6126105675E+01    0.1978140834E-01    0.8290559308E-02
    0.6144955230E+01    0.1919995902E-01    0.7302672516E-02
    0.6163804786E+01    0.1849661294E-01    0.6291843255E-02
    0.6182654342E+01    0.1763607099E-01    0.5268597940E-02
    0.6201503898E+01    0.1659101633E-01    0.4243110002E-02
    0.6220353454E+01    0.1534263479E-01    0.3225117499E-02
    0.6239203010E+01    0.1388085413E-01    0.2223848641E-02
    0.6258052566E+01    0.1220430797E-01    0.1247955592E-02
    0.6276902122E+01    0.1032003817E-01    0.3054568588E-03
    0.6295751678E+01    0.8242956385E-02   -0.5963115580E-03
    0.6314601234E+01    0.5995091780E-02   -0.1450736145E-02
    0.6333450790E+01    0.3604656996E-02   -0.2251957000E-02
    0.6352300346E+01    0.1104968336E-02   -0.2994890180E-02
    0.6371149901E+01   -0.1466741218E-02   -0.3675241445E-02
    0.6389999457E+01   -0.4070576095E-02   -0.4289511655E-02
    0.6408849013E+01   -0.6665259172E-02   -0.4834994135E-02
    0.6427698569E+01   -0.9209400609E-02   -0.5309764408E-02
    0.6446548125E+01   -0.1166271752E-01   -0.5712662730E-02
    0.6465397681E+01   -0.1398717068E-01   -0.6043269941E-02
    0.6484247237E+01   -0.1614798841E-01   -0.6301877172E-02
    0.6503096793E+01   -0.1811455265E-01   -0.6489449987E-02
    0.6521946349E+01   -0.1986112722E-01   -0.6607587575E-02
    0.6540795905E+01   -0.2136741415E-01   -0.6658477620E-02
    0.6559645461E+01   -0.2261892940E-01   -0.6644847511E-02
    0.6578495017E+01   -0.2360719520E-01   -0.6569912520E-02
    0.6597344573E+01   -0.2432975179E-01   -0.6437321629E-02
    0.6616194128E+01   -0.2478999640E-01   -0.6251101643E-02
    0.6635043684E+01   -0.2499686211E-01   -0.6015600220E-02
    0.6653893240E+01   -0.2496435346E-01   -0.5735428442E-02
    0.6672742796E+01   -0.2471095882E-01   -0.5415403519E-02
    0.6691592352E+01   -0.2425896250E-01   -0.5060492186E-02
    0.6710441908E+01   -0.2363368132E-01   -0.4675755321E-02
    0.6729291464E+01   -0.2286265129E-01   -0.4266294292E-02
    0.6748141020E+01   -0.2197479053E-01   -0.3837199459E-02
    0.6766990576E+01   -0.2099956376E-01   -0.3393501269E-02
    0.6785840132E+01   -0.1996617259E-01   -0.2940124284E-02
    0.6804689688E+01   -0.1890279378E-01   -0.2481844478E-02
    0.6823539244E+01   -0.1783588535E-01   -0.2023250053E-02
    0.6842388800E+01   -0.1678957713E-01   -0.1568706011E-02
    0.6861238355E+01   -0.1578515939E-01   -0.1122322647E-02
    0.6880087911E+01   -0.1484067940E-01   -0.6879280818E-03
    0.6898937467E+01   -0.1397065228E-01   -0.2690449268E-03
    0.6917787023E+01   -0.1318588861E-01    0.1311289052E-03
    0.6936636579E+01   -0.1249343794E-01    0.5097352402E-03
    0.6955486135E+01   -0.1189664390E-01    0.8642665936E-03
    0.6974335691E+01   -0.1139530344E-01    0.1192573122E-02
    0.6993185247E+01   -0.1098592022E-01    0.1492865700E-02
    0.7012034803E+01   -0.1066203974E-01    0.1763715292E-02
    0.7030884359E+01   -0.1041465219E-01    0.2004048793E-02
    0.7049733915E+01   -0.1023264757E-01    0.2213141570E-02
    0.7068583471E+01   -0.1010330699E-01    0.2390606932E-02
    0.7087433026E+01   -0.1001281378E-01    0.2536382798E-02
    0.7106282582E+01   -0.9946768241E-02    0.2650715822E-02
    0.7125132138E+01   -0.9890690776E-02    0.2734143274E-02
    0.7143981694E+01   -0.9830499051E-02    0.2787472963E-02
    0.7162831250E+01   -0.9752946507E-02    0.2811761504E-02
    0.7181680806E+01   -0.9646011286E-02    0.2808291236E-02
    0.7200530362E+01   -0.9499226685E-02    0.2778546077E-02
    0.7219379918E+01   -0.9303946433E-02    0.2724186624E-02
    0.7238229474E+01   -0.9053540391E-02    0.2647024783E-02
    0.7257079030E+01   -0.8743518543E-02    0.2548998197E-02
    0.7275928586E+01   -0.8371583391E-02    0.2432144762E-02
    0.7294778142E+01   -0.7937612990E-02    0.2298577448E-02
    0.7313627698E+01   -0.7443578779E-02    0.2150459699E-02
    0.7332477253E+01   -0.6893404095E-02    0.1989981598E-02
    0.7351326809E+01   -0.6292770698E-02    0.1819337015E-02
    0.7370176365E+01   -0.5648881783E-02    0.1640701907E-02
    0.7389025921E+01   -0.4970190812E-02    0.1456213936E-02
    0.7407875477E+01   -0.4266105996E-02    0.1267953534E-02
    0.7426725033E+01   -0.3546680491E-02    0.1077926526E-02
    0.7445574589E+01   -0.2822298219E-02    0.8880484253E-03
    0.7464424145E+01   -0.2103364868E-02    0.7001304369E-03
    0.7483273701E+01   -0.1400012943E-02    0.5158672544E-03
    0.7502123257E+01   -0.7218288519E-03    0.3368266541E-03
    0.7520972813E+01   -0.7760893796E-04    0.1644409077E-03
    0.7539822369E+01    0.5248498579E-03    0.2496001360E-17
    0.7558671925E+01    0.1078920349E-02   -0.1553533749E-03
    0.7577521480E+01    0.1579273501E-02   -0.3006270848E-03
    0.7596371036E+01    0.2021963311E-02   -0.4349811555E-03
    0.7615220592E+01    0.2404467960E-02   -0.5577277671E-03
    0.7634070148E+01    0.2725688357E-02   -0.6683297355E-03
    0.7652919704E+01    0.2985906359E-02   -0.7663975760E-03
    0.7671769260E+01    0.3186706052E-02   -0.8516852550E-03
    0.7690618816E+01    0.3330862358E-02   -0.9240847438E-03
    0.7709468372E+01    0.3422201966E-02   -0.9836194939E-03
    0.7728317928E+01    0.3465442152E-02   -0.1030436958E-02
    0.7747167484E+01    0.3466013363E-02   -0.1064800286E-02
    0.7766017040E+01    0.3429871623E-02   -0.1087079320E-02
    0.7784866596E+01    0.3363306769E-02   -0.1097741023E-02
    0.7803716152E+01    0.3272752324E-02   -0.1097339471E-02
    0.7822565707E+01    0.3164602432E-02   -0.1086505516E-02
    0.7841415263E+01    0.3045040775E-02   -0.1065936275E-02
    0.7860264819E+01    0.2919885769E-02   -0.1036384521E-02
    0.7879114375E+01    0.2794455601E-02   -0.9986481272E-03
    0.7897963931E+01    0.2673455892E-02   -0.9535596390E-03
    0.7916813487E+01    0.2560891949E-02   -0.9019760870E-03
    0.7935663043E+01    0.2460006726E-02   -0.8447691273E-03
    0.7954512599E+01    0.2373244795E-02   -0.7828155899E-03
    0.7973362155E+01    0.2302241853E-02   -0.7169885084E-03
    0.7992211711E+01    0.2247838539E-02   -0.6481486948E-03
    0.8011061267E+01    0.2210116734E-02   -0.5771369146E-03
    0.8029910823E+01    0.2188455906E-02   -0.5047667063E-03
    0.8048760378E+01    0.2181606659E-02   -0.4318178835E-03
    0.8067609934E+01    0.2187778273E-02   -0.3590307455E-03
    0.8086459490E+01    0.2204736806E-02   -0.2871010147E-03
    0.8105309046E+01    0.2229910228E-02   -0.2166755121E-03
    0.8124158602E+01    0.2260497029E-02   -0.1483485714E-03
    0.8143008158E+01    0.2293574891E-02   -0.8265918677E-04
    0.8161857714E+01    0.2326206169E-02   -0.2008888032E-04
    0.8180707270E+01    0.2355537252E-02    0.3893972952E-04
    0.8199556826E+01    0.2378889207E-02    0.9406368500E-04
    0.8218406382E+01    0.2393837522E-02    0.1449798026E-03
    0.8237255938E+01    0.2398279241E-02    0.1914441788E-03
    0.8256105494E+01    0.2390486233E-02    0.2332711296E-03
    0.8274955050E+01    0.2369143831E-02    0.2703316048E-03
    0.8293804605E+01    0.2333374577E-02    0.3025511273E-03
    0.8312654161E+01    0.2282747240E-02    0.3299073029E-03
    0.8331503717E+01    0.2217271721E-02    0.3524269530E-03
    0.8350353273E+01    0.2137380836E-02    0.3701829208E-03
    0.8369202829E+01    0.2043900298E-02    0.3832906027E-03
    0.8388052385E+01    0.1938008493E-02    0.3919042566E-03
    0.8406901941E+01    0.1821187858E-02    0.3962131379E-03
    0.8425751497E+01    0.1695169798E-02    0.3964375121E-03
    0.8444601053E+01    0.1561875168E-02    0.3928245937E-03
    0.8463450609E+01    0.1423352345E-02    0.3856444550E-03
    0.8482300165E+01    0.1281714885E-02    0.3751859497E-03
    0.8501149721E+01    0.1139080617E-02    0.3617526921E-03
    0.8519999277E+01    0.9975139078E-03    0.3456591289E-03
    0.8538848832E+01    0.8589726202E-03    0.3272267384E-03
    0.8557698388E+01    0.7252610371E-03    0.3067803893E-03
    0.8576547944E+01    0.5979898039E-03    0.2846448845E-03
    0.8595397500E+01    0.4785436427E-03    0.2611417168E-03
    0.8614247056E+01    0.3680573269E-03    0.2365860545E-03
    0.8633096612E+01    0.2674001297E-03    0.2112839753E-03
    0.8651946168E+01    0.1771686941E-03    0.1855299614E-03
    0.8670795724E+01    0.9768802659E-04    0.1596046650E-03
    0.8689645280E+01    0.2902009436E-04    0.1337729513E-03
    0.8708494836E+01   -0.2902068542E-04    0.1082822220E-03
    0.8727344392E+01   -0.7684593859E-04    0.8336101859E-04
    0.8746193948E+01   -0.1150668047E-03    0.5921790401E-04
    0.8765043504E+01   -0.1444634690E-03    0.3604061529E-04
    0.8783893059E+01   -0.1659518877E-03    0.1399548069E-04
    0.8802742615E+01   -0.1805488509E-03   -0.6772909940E-05
    0.8821592171E+01   -0.1893365045E-03   -0.2614179340E-04
    0.8840441727E+01   -0.1934273988E-03   -0.4401009427E-04
    0.8859291283E+01   -0.1939310481E-03   -0.6029807430E-04
    0.8878140839E+01   -0.1919228775E-03   -0.7494678695E-04
    0.8896990395E+01   -0.1884163095E-03   -0.8791735482E-04
    0.8915839951E+01   -0.1843386000E-03   -0.9919008835E-04
    0.8934689507E+01   -0.1805108843E-03   -0.1087634650E-03
    0.8953539063E+01   -0.1776327399E-03   -0.1166529879E-03
    0.8972388619E+01   -0.1762714193E-03   -0.1228899437E-03
    0.8991238175E+01   -0.1768557582E-03   -0.1275200781E-03
    0.9010087730E+01   -0.1796746247E-03   -0.1306022087E-03
    0.9028937286E+01   -0.1848796524E-03   -0.1322067928E-03
    0.9047786842E+01   -0.1924918855E-03   -0.1324144681E-03
    0.9066636398E+01   -0.2024118769E-03   -0.1313145826E-03
    0.9085485954E+01   -0.2144327050E-03   -0.1290037306E-03
    0.9104335510E+01   -0.2282553250E-03   -0.1255843078E-03
    0.9123185066E+01   -0.2435056392E-03   -0.1211631012E-03
    0.9142034622E+01   -0.2597526589E-03   -0.1158499245E-03
    0.9160884178E+01   -0.2765271439E-03   -0.1097563108E-03
    0.9179733734E+01   -0.2933401258E-03   -0.1029942726E-03
    0.9198583290E+01   -0.3097007706E-03   -0.9567513744E-04
    0.9217432846E+01   -0.3251330867E-03   -0.8790846577E-04
    0.9236282402E+01   -0.3391910557E-03   -0.7980105794E-04
    0.9255131957E+01   -0.3514718367E-03   -0.7145605403E-04
    0.9273981513E+01   -0.3616267750E-03   -0.6297213001E-04
    0.9292831069E+01   -0.3693700327E-03   -0.5444279238E-04
    0.9311680625E+01   -0.3744847372E-03   -0.4595577206E-04
    0.9330530181E+01   -0.3768266304E-03   -0.3759251737E-04
    0.9349379737E+01   -0.3763252725E-03   -0.2942778485E-04
    0.9368229293E+01   -0.3729829260E-03   -0.2152932573E-04
    0.9387078849E+01   -0.3668713069E-03   -0.1395766504E-04
    0.9405928405E+01   -0.3581264404E-03   -0.6765969557E-05
    0.9424777961E+01   -0.3469418993E-03   -0.3739814323E-18
